tread
'trees saved at 5400 secs.'
(1 (14 (20 (4 22 )))())*
(1 23 ())*
(1 23 ())*
(1 (14 23 )())*
(1 (23 (14 20 ))())*
(1 (23 (14 (20 (4 22 ))))())*
(1 (23 (14 20 ))())*
(1 23 ())*
(1 (27 (38 (35 (39 40 ))))())*
(1 23 ())*
(1 (14 23 )())*
(1 (14 23 )())*
(1 (23 (14 20 ))())*
(1 (23 (14 (4 22 )))())*
(1 (14 23 )())*
(1 (23 (14 (4 22 )))())*
(1 (23 (14 (20 (4 22 ))))())*
(1 (14 (20 (4 22 )))())*
(1 23 ())*
(1 (14 23 )())*
(1 (27 (38 (35 (39 40 ))))())*
(1 (23 (14 20 ))())*
(1 (14 (20 (4 22 )))())*
(1 (23 (14 (20 (4 22 ))))())*
(1 (4 (22 47 ))())*
(1 23 ())*
(1 ((((47 (4 22 ))(27 (35 (39 40 ))))(61 (11 (24 (62 (16 (((31 41 )(46 59 ))(37 73 ))))))))(38 (19 ((6 45 )(54 58 )))))())*
(1 23 ())*
(1 (20 (14 (((19 (38 ((6 45 )(54 58 ))))(26 (25 53 )))(23 (51 80 )))))())*
(1 (23 (14 20 ))())*
(1 23 ())*
(1 (47 (4 22 ))())*
(1 (14 (20 (4 22 )))())*
(1 (20 (14 23 ))())*
(1 (23 (14 (20 (4 22 ))))())*
(1 23 ())*
(1 23 ())*
(1 23 ())*
(1 (14 20 )())*
(1 (14 (20 (4 22 )))())*
(1 (27 (38 (35 (39 40 ))))())*
(1 (14 23 )())*
(1 23 ())*
(1 (14 23 )())*
(1 (47 (27 (35 (39 40 ))))())*
(1 (14 (20 23 ))())*
(1 (23 (14 (4 22 )))())*
(1 (14 23 )())*
(1 ((4 22 )(14 20 ))());
