tread
'trees saved at 600 secs.'
(0 (85 (86 (88 (87 (89 (1 ((12 (((39 ((2 (24 (15 (21 (5 23 )))))((20 ((7 46 )(55 59 )))((26 54 )(27 (52 81 ))))))((48 (61 ((29 (((((3 58 )(83 (84 90 )))(49 (79 (77 80 ))))(50 (34 35 )))(68 (69 70 ))))((4 16 )(8 (37 ((18 ((22 (6 (11 19 )))(9 ((64 ((72 ((13 (44 73 ))(14 (30 45 ))))(31 33 )))(53 (43 67 ))))))((25 (51 (76 (75 (78 82 )))))(66 71 )))))))))(28 (36 (40 41 )))))(62 (63 (17 (((32 42 )(38 74 ))(47 60 )))))))(10 (65 (56 57 )))))))))))*
(0 (85 (86 (88 (87 (89 (1 ((12 (((39 ((2 (24 (21 (15 (5 23 )))))((20 ((7 46 )(55 59 )))((26 54 )(27 (52 81 ))))))((48 (61 ((29 (((((3 58 )(83 (84 90 )))(49 (79 (77 80 ))))(50 (34 35 )))(68 (69 70 ))))((4 16 )(8 (37 ((18 ((22 (6 (11 19 )))(9 ((64 ((72 ((13 (44 73 ))(14 (30 45 ))))(31 33 )))(53 (43 67 ))))))((25 (51 (76 (75 (78 82 )))))(66 71 )))))))))(28 (36 (40 41 )))))(62 (63 (17 (((32 42 )(38 74 ))(47 60 )))))))(10 (65 (56 57 )))))))))))*
(0 (81 (59 (((((((((1 (89 ((85 86 )(87 88 ))))(31 (84 (83 90 ))))(12 (62 (63 (32 (17 ((60 (38 74 ))(42 47 ))))))))(10 (25 (18 (64 ((9 ((22 (6 ((19 (11 14 ))(30 45 ))))(53 (43 67 ))))((72 (8 (13 (44 73 ))))(71 (66 (51 (76 (75 (78 82 )))))))))))))((65 (21 52 ))(56 57 )))(26 27 ))((2 (24 (15 (5 23 ))))(34 (48 (28 (36 (40 41 )))))))(61 (54 (((((50 ((3 58 )(49 (79 (77 80 )))))(33 35 ))(4 16 ))(29 37 ))(70 (68 69 ))))))((7 46 )(20 (39 55 )))))))*
(0 (81 (59 (((((((((1 (89 ((85 86 )(87 88 ))))(31 (84 (83 90 ))))(12 (62 (63 (32 (17 ((60 (38 74 ))(42 47 ))))))))(10 (25 (18 (64 ((9 ((22 (6 ((19 (11 14 ))(30 45 ))))(53 (43 67 ))))((72 (8 (13 (44 73 ))))(71 (66 (51 (76 (75 (78 82 )))))))))))))((65 (21 52 ))(56 57 )))(26 27 ))((2 (24 (15 (5 23 ))))(34 (48 (28 (36 (40 41 )))))))(61 (54 (((((50 ((3 58 )(49 (79 (77 80 )))))(33 35 ))(4 16 ))(29 37 ))(69 (68 70 ))))))((7 46 )(20 (39 55 )))))))*
(0 (85 (86 (88 (87 (89 (1 ((12 ((((((27 ((24 (2 (15 (21 (5 23 )))))(52 81 )))(26 (54 ((61 ((((16 (35 (69 (70 (49 (68 (3 58 )))))))(33 (28 (4 48 ))))(29 37 ))(36 (40 41 ))))(50 (34 (80 (77 79 ))))))))(39 (20 ((7 46 )(55 59 )))))(57 (56 65 )))(62 (63 (17 (((32 42 )(38 74 ))(47 60 ))))))(10 (25 (18 (66 ((71 ((8 (6 ((19 (11 14 ))(30 45 ))))(64 ((72 (9 (22 (43 53 ))))(13 (44 73 ))))))(67 ((51 76 )(75 (78 82 )))))))))))(31 (84 (83 90 )))))))))))*
(0 (82 (78 (75 (76 (51 (22 ((((64 (18 (25 (10 ((62 ((12 (73 ((1 (89 ((85 86 )(87 88 ))))(31 (84 (83 90 ))))))(63 (32 (17 ((60 (38 74 ))(42 47 )))))))(65 ((((5 (2 (15 (21 24 ))))(61 ((((3 58 )((4 16 )(29 37 )))(48 (69 (68 70 ))))((28 ((33 35 )(34 (50 (49 (79 (77 80 )))))))(36 (40 41 ))))))(((59 ((7 46 )(20 (39 55 ))))(54 (23 (52 81 ))))(26 27 )))(56 57 ))))))))(9 ((14 ((19 (6 11 ))(44 (30 45 ))))(53 (43 67 )))))(72 (8 13 )))(66 71 )))))))))*
(0 (85 (86 (88 (87 (89 (1 (((((18 (25 ((10 (12 ((((20 ((((48 (28 (2 (24 (15 21 )))))((61 (((4 (16 (3 58 )))(29 37 ))(35 (33 (69 (68 70 ))))))(34 (50 (49 (38 (80 (77 79 ))))))))(26 27 ))(62 (57 (56 65 )))))((7 46 )(54 (23 (52 81 )))))(39 (55 59 )))(5 (36 (40 41 ))))))(63 (73 (47 (74 ((17 60 )(32 42 )))))))))((((6 (19 (11 14 )))(8 13 ))(22 (51 (76 (75 (78 82 ))))))(66 71 )))(9 (53 (43 67 ))))(72 (64 (44 (30 45 )))))(31 (84 (83 90 )))))))))))*
(0 (82 (78 (75 (76 (51 ((25 ((12 (10 (((1 (89 ((85 86 )(87 88 ))))(31 (84 (83 90 ))))((((5 ((2 (24 (15 21 )))(34 (48 (28 (36 (40 41 )))))))(((20 ((7 46 )(39 62 )))(59 (55 (38 74 ))))(27 (26 (54 (23 (52 81 )))))))(61 (((((50 ((3 58 )(49 (79 (77 80 )))))(33 35 ))(70 (68 69 )))(8 (64 (72 (13 (44 73 ))))))((4 16 )(29 37 )))))(65 (56 57 ))))))(63 (32 (17 (42 (47 60 )))))))((22 (6 ((11 14 )(19 (30 45 )))))((71 (9 (18 66 )))(53 (43 67 )))))))))))*
(0 (85 (86 (88 ((1 (((64 ((72 (((8 (37 (((29 (54 (61 (((26 (((2 (24 ((21 (52 ((10 (62 (63 ((12 73 )(17 (((32 42 )(38 74 ))(47 60 )))))))(65 (56 57 )))))(15 (5 23 )))))(27 81 ))(39 (20 ((7 46 )(55 59 ))))))(48 (28 (36 (40 41 )))))(34 (50 (49 (79 (77 80 )))))))))(35 (33 (69 (68 70 )))))(4 (16 (3 58 ))))))(25 (51 (76 (75 (78 82 ))))))(66 71 )))(18 (9 ((22 (13 (14 (6 (11 19 )))))(53 (43 67 )))))))(44 (30 45 )))(31 (84 (83 90 )))))(87 89 ))))))*
(0 (82 (78 (75 (51 (76 (53 (((66 (71 ((18 (25 (10 (((1 (89 (87 (88 (85 86 )))))(12 (62 (63 (17 (((32 42 )(47 60 ))(38 74 )))))))(((((27 (2 ((24 (15 (21 (5 23 ))))(52 81 ))))(26 54 ))(39 (20 ((7 46 )(55 59 )))))(61 ((((35 (4 (16 (3 58 ))))(29 37 ))(33 ((48 (8 ((28 36 )(40 41 ))))(70 (68 69 )))))(50 (34 (49 (79 (77 80 ))))))))(65 (56 57 )))))))((9 (72 ((13 (44 73 ))(14 (30 45 )))))(64 (31 (84 (83 90 ))))))))(43 67 ))((6 19 )(11 22 ))))))))))*
(0 (85 (86 (88 (87 (89 (1 (((9 (64 (71 (((65 (((5 (21 (15 ((24 (2 (28 (39 (36 (40 41 ))))))(23 48 )))))((27 (26 ((54 (((((3 58 )(49 (79 (77 80 ))))(4 16 ))(29 37 ))(35 (33 (69 (68 70 ))))))(50 (34 61 )))))(20 ((7 46 )(55 59 )))))(57 (56 (10 (52 81 ))))))(12 (25 (62 (63 (17 (((32 42 )(47 60 ))(38 74 ))))))))(18 (66 ((8 ((6 (11 19 ))(53 (43 67 ))))(22 (51 (76 (75 (78 82 ))))))))))))(72 ((13 (44 73 ))(14 (30 45 )))))(31 (84 (83 90 )))))))))))*
(0 (82 (78 (75 (76 (51 (((71 (64 ((1 (87 (89 (88 (85 86 )))))(31 (84 (83 90 ))))))((37 ((((3 58 )(61 (29 (4 16 ))))(70 (68 69 )))((48 (28 (36 (40 41 ))))(33 (35 (34 (50 (49 (79 (77 80 ))))))))))((8 (66 ((9 ((22 (6 ((19 (11 14 ))(30 45 ))))(53 (43 67 ))))(72 (13 (44 73 ))))))(10 18 ))))(25 (12 ((((20 ((24 (15 (21 (2 5 ))))(26 27 )))(39 (((7 46 )(54 (23 (52 81 ))))(55 59 ))))(57 (56 65 )))(62 (63 (32 (17 ((60 (38 74 ))(42 47 ))))))))))))))))*
(0 (81 (59 (((((65 ((10 (18 ((64 (9 (((1 (87 (89 (88 (85 86 )))))(31 (84 (83 90 ))))(72 (44 (14 (45 (19 30 ))))))))((((8 (6 13 ))(25 (51 (76 (75 (78 82 ))))))((11 22 )(53 (43 67 ))))(66 71 )))))(62 (63 ((12 73 )(17 (((32 42 )(47 60 ))(38 74 ))))))))(57 (52 56 )))((15 (2 (21 24 )))(48 (5 23 ))))(27 (26 (54 (61 (((((49 (3 58 ))(68 (69 70 )))(4 16 ))(29 37 ))((28 ((33 35 )(34 (50 (80 (77 79 ))))))(36 (40 41 )))))))))(20 ((7 46 )(39 55 )))))))*
(0 (81 (59 (((((65 ((10 (18 ((64 (9 (((1 (87 (89 (88 (85 86 )))))(31 (84 (83 90 ))))(72 (44 (14 (45 (19 30 ))))))))((((8 (6 13 ))(25 (51 (76 (75 (78 82 ))))))((11 22 )(53 (43 67 ))))(66 71 )))))(62 (63 ((12 73 )(17 (((32 42 )(47 60 ))(38 74 ))))))))(57 (52 56 )))((15 (2 (21 24 )))(48 (5 23 ))))(27 (26 (54 (61 ((((49 ((3 58 )(68 (69 70 ))))(4 16 ))(29 37 ))((28 ((33 35 )(34 (50 (80 (77 79 ))))))(36 (40 41 )))))))))(20 ((7 46 )(39 55 )))))))*
(0 (82 (78 (75 (76 (51 (66 (71 (((64 (18 (25 (10 ((12 ((1 (89 ((85 86 )(87 88 ))))(31 84 )))(((((27 ((24 ((2 (5 (23 48 )))(15 21 )))(52 81 )))(26 (54 ((61 ((((((3 58 )(83 90 ))(49 (68 (69 70 ))))(4 16 ))(29 37 ))((28 33 )(36 (40 41 )))))(34 (35 (50 (80 (77 79 )))))))))(39 (20 ((7 46 )(55 59 )))))(57 (56 65 )))(62 (63 (32 (17 ((60 (38 74 ))(42 47 ))))))))))))(9 ((22 (6 ((19 (11 14 ))(30 45 ))))(53 (43 67 )))))(72 (8 (13 (44 73 )))))))))))))*
(0 (82 (78 (75 (51 (76 (53 (((9 (72 (64 ((18 (25 (10 (((((61 ((28 (((35 (69 (70 (68 (((83 (90 (84 (31 (1 (89 (87 (88 (85 86 )))))))))(3 58 ))(49 (79 (77 80 ))))))))(33 ((4 16 )(29 37 ))))(36 (40 41 ))))(5 ((2 (21 (15 24 )))(23 48 )))))((26 (54 (34 50 )))(27 (52 81 ))))(39 (20 ((7 46 )(55 59 )))))(57 (56 65 )))(62 (63 ((12 73 )(17 (((32 42 )(38 74 ))(47 60 ))))))))))(66 71 )))))(22 (6 ((8 13 )(44 ((19 (11 14 ))(30 45 )))))))(43 67 )))))))))*
(0 (82 (78 (75 (((25 (((64 (((1 (87 (89 (88 (85 86 )))))(31 (84 (83 90 ))))(72 (13 (44 73 )))))((9 (18 ((6 8 )((11 22 )(53 (43 67 ))))))(66 71 )))(37 ((61 ((((((2 24 )(34 ((5 23 )(15 21 ))))(39 (55 ((7 46 )(20 ((57 (65 (56 (10 (52 81 )))))(62 (63 ((32 (42 (17 (47 60 ))))(38 74 ))))))))))(26 27 ))(54 59 ))(48 (28 (36 (40 41 ))))))((29 (((50 ((3 58 )(49 (79 (77 80 )))))(33 35 ))(69 (68 70 ))))(4 16 ))))))(12 (14 (30 (19 45 )))))(51 76 ))))))*
(0 (82 (78 (75 (76 (51 (66 (71 (72 (((64 ((1 (87 (89 (88 (85 86 )))))(31 (84 (83 90 )))))((13 (8 (48 ((((50 (34 (61 (((20 ((39 (((27 (((2 24 )(21 (15 (5 23 ))))(52 81 )))(26 54 ))((62 (10 (12 (25 (63 ((17 ((38 74 )(47 60 )))(32 (42 73 ))))))))(57 (56 65 )))))(55 59 )))(7 46 ))(80 (77 79 ))))))((33 (35 (4 16 )))(29 37 )))((49 (68 (3 58 )))(69 70 )))(28 (36 (40 41 )))))))(14 (44 (45 (19 30 ))))))(18 (9 ((22 (6 11 ))(53 (43 67 )))))))))))))))*
(0 (85 (86 (88 ((1 ((64 ((18 (25 (10 ((65 ((((5 (23 (21 (15 (24 (2 (28 (36 (40 41 )))))))))((20 ((7 46 )(39 55 )))(59 (52 81 ))))(27 (26 (54 ((61 (((16 (35 (69 (70 (68 (3 58 ))))))(29 37 ))(4 (33 48 ))))(34 (50 (49 (79 (77 80 ))))))))))(56 57 )))(62 (63 ((12 73 )(17 (((32 42 )(47 60 ))(38 74 ))))))))))((9 (22 ((53 ((6 ((19 (11 14 ))(30 45 )))(44 (8 13 ))))(43 67 ))))(72 (71 (66 (51 (76 (75 (78 82 ))))))))))(31 (84 (83 90 )))))(87 89 ))))))*
(0 (82 (78 (75 (76 (51 ((66 (71 ((((1 (87 (89 (88 (85 86 )))))(31 (84 (83 90 ))))(64 (9 (72 ((13 (44 73 ))(14 (30 (19 45 ))))))))(18 ((10 ((((((48 (28 (2 (24 (15 21 )))))(20 (39 (((7 46 )(54 (23 (52 81 ))))(55 59 )))))(61 (((29 (((3 58 )(70 (68 69 )))(4 16 )))(33 35 ))(50 (34 (49 (79 (77 80 ))))))))(26 27 ))(65 (56 57 )))(12 (25 (62 (63 (32 (17 ((60 (38 74 ))(42 47 ))))))))))((11 (5 (36 (40 41 ))))(22 37 )))))))(67 (43 (53 (6 8 )))))))))))*
(0 (82 (78 (75 (76 (51 ((66 (71 ((((1 (87 (89 (88 (85 86 )))))(31 (84 (83 90 ))))(64 (9 (72 ((13 (44 73 ))(14 (30 (19 45 ))))))))(18 ((10 ((((((48 (28 (2 (24 (15 21 )))))(20 (39 (((7 46 )(54 (23 (52 81 ))))(55 59 )))))(61 (((29 (((3 58 )(70 (68 69 )))(4 16 )))(33 35 ))(50 (34 (49 (79 (77 80 ))))))))(26 27 ))(65 (56 57 )))(12 (25 (62 (63 (32 (17 ((60 (38 74 ))(42 47 ))))))))))((11 ((40 41 )(5 36 )))(22 37 )))))))(67 (43 (53 (6 8 )))))))))))*
(0 (82 (78 (75 (76 (51 ((66 (71 ((((1 (87 (89 (88 (85 86 )))))(31 (84 (83 90 ))))(64 (9 (72 ((13 (44 73 ))(14 (30 (19 45 ))))))))(18 ((10 ((((((48 (28 (2 (24 (15 21 )))))(20 (39 (((7 46 )(54 (23 (52 81 ))))(55 59 )))))(61 (((29 (((3 58 )(68 (69 70 )))(4 16 )))(33 35 ))(50 (34 (49 (79 (77 80 ))))))))(26 27 ))(65 (56 57 )))(12 (25 (62 (63 (32 (17 ((60 (38 74 ))(42 47 ))))))))))((11 (5 (36 (40 41 ))))(22 37 )))))))(67 (43 (53 (6 8 )))))))))))*
(0 (82 (78 (75 (76 (51 ((66 (71 ((((1 (87 (89 (88 (85 86 )))))(31 (84 (83 90 ))))(64 (9 (72 ((13 (44 73 ))(14 (30 (19 45 ))))))))(18 ((10 ((((((48 (28 (2 (24 (15 21 )))))(20 (39 (((7 46 )(54 (23 (52 81 ))))(55 59 )))))(61 (((29 (((3 58 )(68 (69 70 )))(4 16 )))(33 35 ))(50 (34 (49 (79 (77 80 ))))))))(26 27 ))(65 (56 57 )))(12 (25 (62 (63 (32 (17 ((60 (38 74 ))(42 47 ))))))))))((11 ((40 41 )(5 36 )))(22 37 )))))))(67 (43 (53 (6 8 )))))))))))*
(0 (82 (78 (75 (76 (51 ((66 (71 ((((1 (87 (89 (88 (85 86 )))))(31 (84 (83 90 ))))(64 (9 (72 ((13 (44 73 ))(14 (30 (19 45 ))))))))(18 ((10 ((((((48 (28 (2 (24 (15 21 )))))(20 (39 (((7 46 )(54 (23 (52 81 ))))(55 59 )))))(61 (((29 (((3 58 )(68 (69 70 )))(4 16 )))(33 35 ))(50 (34 (49 (79 (77 80 ))))))))(26 27 ))(65 (56 57 )))(12 (25 (62 (63 (32 (17 ((60 (38 74 ))(42 47 ))))))))))((11 (36 (5 (40 41 ))))(22 37 )))))))(67 (43 (53 (6 8 )))))))))))*
(0 (82 (78 (75 ((25 (12 ((62 ((((24 ((81 (27 (26 (54 (61 ((50 (34 ((49 (((83 (90 (84 (86 (((1 89 )(87 88 ))(31 85 ))))))(3 58 ))(68 (69 70 ))))(79 (77 80 )))))(29 (((4 16 )(37 (8 (18 ((64 ((9 ((22 (6 ((19 (11 14 ))(30 45 ))))(53 (43 67 ))))(72 (13 (44 73 )))))(66 71 ))))))(33 35 )))))))))(15 (5 23 ))))(39 (20 ((7 46 )(55 59 )))))(2 (48 (28 (36 (40 41 ))))))(10 ((21 52 )(65 (56 57 ))))))(63 (17 (((32 42 )(38 74 ))(47 60 )))))))(51 76 ))))))*
(0 (85 (86 (88 (87 (89 (1 ((10 (((((2 24 )(39 (20 (((7 46 )(54 (23 (52 81 ))))(55 59 )))))(5 (15 21 )))((61 (34 (50 ((((3 58 )(83 (84 90 )))(49 (79 (77 80 ))))(((35 (4 16 ))(29 37 ))((48 ((8 (18 ((22 (6 ((19 (11 14 ))(30 45 ))))((9 ((64 ((72 (13 (44 73 )))(31 33 )))(71 (66 (51 (76 (75 (78 82 ))))))))(53 (43 67 ))))))((28 36 )(40 41 ))))(70 (68 69 ))))))))(26 27 )))(65 (56 57 ))))(12 (62 (25 (63 ((42 (17 (47 60 )))(32 (38 74 )))))))))))))))*
(0 (85 (86 (88 (87 (89 (1 ((12 (62 (25 (63 ((32 (42 (17 (47 60 ))))(38 74 ))))))(10 ((65 (56 57 ))((((39 (20 (((7 46 )(54 (23 (52 81 ))))(55 59 ))))(2 24 ))(5 (15 21 )))((61 (34 (50 ((((48 (((40 41 )(28 36 ))(8 (18 ((22 (6 ((19 (11 14 ))(30 45 ))))((9 ((64 ((31 33 )(72 (13 (44 73 )))))(71 (66 (51 (76 (75 (78 82 ))))))))(53 (43 67 ))))))))(70 (68 69 )))((29 37 )(35 (4 16 ))))(((3 58 )(83 (84 90 )))(49 (79 (77 80 ))))))))(26 27 )))))))))))))*
(0 (85 (86 (88 (87 (89 (1 ((12 (((39 ((2 (24 (15 (21 (5 23 )))))((20 ((7 46 )(55 59 )))((26 54 )(27 (52 81 ))))))((48 (61 ((29 (((((3 58 )(83 (84 90 )))(49 (79 (77 80 ))))(50 (34 35 )))(68 (69 70 ))))((4 16 )(8 (37 ((18 ((22 (6 (11 19 )))(9 ((64 ((72 ((13 (44 73 ))(14 (30 45 ))))(31 33 )))(53 (43 67 ))))))((25 (51 (76 (75 (78 82 )))))(66 71 )))))))))(28 (36 (40 41 )))))(62 (63 (17 (((32 42 )(38 74 ))(47 60 )))))))(10 (65 (56 57 )))))))))))*
(0 (85 (86 (88 (87 (89 (1 ((12 (((39 ((2 (24 (21 (15 (5 23 )))))((20 ((7 46 )(55 59 )))((26 54 )(27 (52 81 ))))))((48 (61 ((29 (((((3 58 )(83 (84 90 )))(49 (79 (77 80 ))))(50 (34 35 )))(68 (69 70 ))))((4 16 )(8 (37 ((18 ((22 (6 (11 19 )))(9 ((64 ((72 ((13 (44 73 ))(14 (30 45 ))))(31 33 )))(53 (43 67 ))))))((25 (51 (76 (75 (78 82 )))))(66 71 )))))))))(28 (36 (40 41 )))))(62 (63 (17 (((32 42 )(38 74 ))(47 60 )))))))(10 (65 (56 57 )))))))))))*
(0 (81 (59 (((((((((1 (89 ((85 86 )(87 88 ))))(31 (84 (83 90 ))))(12 (62 (63 (32 (17 ((60 (38 74 ))(42 47 ))))))))(10 (25 (18 (64 ((9 ((22 (6 ((19 (11 14 ))(30 45 ))))(53 (43 67 ))))((72 (8 (13 (44 73 ))))(71 (66 (51 (76 (75 (78 82 )))))))))))))((65 (21 52 ))(56 57 )))(26 27 ))((2 (24 (15 (5 23 ))))(34 (48 (28 (36 (40 41 )))))))(61 (54 (((((50 ((3 58 )(49 (79 (77 80 )))))(33 35 ))(4 16 ))(29 37 ))(70 (68 69 ))))))((7 46 )(20 (39 55 )))))))*
(0 (81 (59 (((((((((1 (89 ((85 86 )(87 88 ))))(31 (84 (83 90 ))))(12 (62 (63 (32 (17 ((60 (38 74 ))(42 47 ))))))))(10 (25 (18 (64 ((9 ((22 (6 ((19 (11 14 ))(30 45 ))))(53 (43 67 ))))((72 (8 (13 (44 73 ))))(71 (66 (51 (76 (75 (78 82 )))))))))))))((65 (21 52 ))(56 57 )))(26 27 ))((2 (24 (15 (5 23 ))))(34 (48 (28 (36 (40 41 )))))))(61 (54 (((((50 ((3 58 )(49 (79 (77 80 )))))(33 35 ))(4 16 ))(29 37 ))(69 (68 70 ))))))((7 46 )(20 (39 55 )))))))*
(0 (85 (86 (88 (87 (89 (1 ((12 ((((((27 ((24 (2 (15 (21 (5 23 )))))(52 81 )))(26 (54 ((61 ((((16 (35 (69 (70 (49 (68 (3 58 )))))))(33 (28 (4 48 ))))(29 37 ))(36 (40 41 ))))(50 (34 (80 (77 79 ))))))))(39 (20 ((7 46 )(55 59 )))))(57 (56 65 )))(62 (63 (17 (((32 42 )(38 74 ))(47 60 ))))))(10 (25 (18 (66 ((71 ((8 (6 ((19 (11 14 ))(30 45 ))))(64 ((72 (9 (22 (43 53 ))))(13 (44 73 ))))))(67 ((51 76 )(75 (78 82 )))))))))))(31 (84 (83 90 )))))))))))*
(0 (82 (78 (75 (76 (51 (22 ((((64 (18 (25 (10 ((62 ((12 (73 ((1 (89 ((85 86 )(87 88 ))))(31 (84 (83 90 ))))))(63 (32 (17 ((60 (38 74 ))(42 47 )))))))(65 ((((5 (2 (15 (21 24 ))))(61 ((((3 58 )((4 16 )(29 37 )))(48 (69 (68 70 ))))((28 ((33 35 )(34 (50 (49 (79 (77 80 )))))))(36 (40 41 ))))))(((59 ((7 46 )(20 (39 55 ))))(54 (23 (52 81 ))))(26 27 )))(56 57 ))))))))(9 ((14 ((19 (6 11 ))(44 (30 45 ))))(53 (43 67 )))))(72 (8 13 )))(66 71 )))))))))*
(0 (85 (86 (88 (87 (89 (1 (((((18 (25 ((10 (12 ((((20 ((((48 (28 (2 (24 (15 21 )))))((61 (((4 (16 (3 58 )))(29 37 ))(35 (33 (69 (68 70 ))))))(34 (50 (49 (38 (80 (77 79 ))))))))(26 27 ))(62 (57 (56 65 )))))((7 46 )(54 (23 (52 81 )))))(39 (55 59 )))(5 (36 (40 41 ))))))(63 (73 (47 (74 ((17 60 )(32 42 )))))))))((((6 (19 (11 14 )))(8 13 ))(22 (51 (76 (75 (78 82 ))))))(66 71 )))(9 (53 (43 67 ))))(72 (64 (44 (30 45 )))))(31 (84 (83 90 )))))))))))*
(0 (82 (78 (75 (76 (51 ((25 ((12 (10 (((1 (89 ((85 86 )(87 88 ))))(31 (84 (83 90 ))))((((5 ((2 (24 (15 21 )))(34 (48 (28 (36 (40 41 )))))))(((20 ((7 46 )(39 62 )))(59 (55 (38 74 ))))(27 (26 (54 (23 (52 81 )))))))(61 (((((50 ((3 58 )(49 (79 (77 80 )))))(33 35 ))(70 (68 69 )))(8 (64 (72 (13 (44 73 ))))))((4 16 )(29 37 )))))(65 (56 57 ))))))(63 (32 (17 (42 (47 60 )))))))((22 (6 ((11 14 )(19 (30 45 )))))((71 (9 (18 66 )))(53 (43 67 )))))))))))*
(0 (85 (86 (88 ((1 (((64 ((72 (((8 (37 (((29 (54 (61 (((26 (((2 (24 ((21 (52 ((10 (62 (63 ((12 73 )(17 (((32 42 )(38 74 ))(47 60 )))))))(65 (56 57 )))))(15 (5 23 )))))(27 81 ))(39 (20 ((7 46 )(55 59 ))))))(48 (28 (36 (40 41 )))))(34 (50 (49 (79 (77 80 )))))))))(35 (33 (69 (68 70 )))))(4 (16 (3 58 ))))))(25 (51 (76 (75 (78 82 ))))))(66 71 )))(18 (9 ((22 (13 (14 (6 (11 19 )))))(53 (43 67 )))))))(44 (30 45 )))(31 (84 (83 90 )))))(87 89 ))))))*
(0 (82 (78 (75 (51 (76 (53 (((66 (71 ((18 (25 (10 (((1 (89 (87 (88 (85 86 )))))(12 (62 (63 (17 (((32 42 )(47 60 ))(38 74 )))))))(((((27 (2 ((24 (15 (21 (5 23 ))))(52 81 ))))(26 54 ))(39 (20 ((7 46 )(55 59 )))))(61 ((((35 (4 (16 (3 58 ))))(29 37 ))(33 ((48 (8 ((28 36 )(40 41 ))))(70 (68 69 )))))(50 (34 (49 (79 (77 80 ))))))))(65 (56 57 )))))))((9 (72 ((13 (44 73 ))(14 (30 45 )))))(64 (31 (84 (83 90 ))))))))(43 67 ))((6 19 )(11 22 ))))))))))*
(0 (85 (86 (88 (87 (89 (1 (((9 (64 (71 (((65 (((5 (21 (15 ((24 (2 (28 (39 (36 (40 41 ))))))(23 48 )))))((27 (26 ((54 (((((3 58 )(49 (79 (77 80 ))))(4 16 ))(29 37 ))(35 (33 (69 (68 70 ))))))(50 (34 61 )))))(20 ((7 46 )(55 59 )))))(57 (56 (10 (52 81 ))))))(12 (25 (62 (63 (17 (((32 42 )(47 60 ))(38 74 ))))))))(18 (66 ((8 ((6 (11 19 ))(53 (43 67 ))))(22 (51 (76 (75 (78 82 ))))))))))))(72 ((13 (44 73 ))(14 (30 45 )))))(31 (84 (83 90 )))))))))))*
(0 (82 (78 (75 (76 (51 (((71 (64 ((1 (87 (89 (88 (85 86 )))))(31 (84 (83 90 ))))))((37 ((((3 58 )(61 (29 (4 16 ))))(70 (68 69 )))((48 (28 (36 (40 41 ))))(33 (35 (34 (50 (49 (79 (77 80 ))))))))))((8 (66 ((9 ((22 (6 ((19 (11 14 ))(30 45 ))))(53 (43 67 ))))(72 (13 (44 73 ))))))(10 18 ))))(25 (12 ((((20 ((24 (15 (21 (2 5 ))))(26 27 )))(39 (((7 46 )(54 (23 (52 81 ))))(55 59 ))))(57 (56 65 )))(62 (63 (32 (17 ((60 (38 74 ))(42 47 ))))))))))))))))*
(0 (81 (59 (((((65 ((10 (18 ((64 (9 (((1 (87 (89 (88 (85 86 )))))(31 (84 (83 90 ))))(72 (44 (14 (45 (19 30 ))))))))((((8 (6 13 ))(25 (51 (76 (75 (78 82 ))))))((11 22 )(53 (43 67 ))))(66 71 )))))(62 (63 ((12 73 )(17 (((32 42 )(47 60 ))(38 74 ))))))))(57 (52 56 )))((15 (2 (21 24 )))(48 (5 23 ))))(27 (26 (54 (61 (((((49 (3 58 ))(68 (69 70 )))(4 16 ))(29 37 ))((28 ((33 35 )(34 (50 (80 (77 79 ))))))(36 (40 41 )))))))))(20 ((7 46 )(39 55 )))))))*
(0 (81 (59 (((((65 ((10 (18 ((64 (9 (((1 (87 (89 (88 (85 86 )))))(31 (84 (83 90 ))))(72 (44 (14 (45 (19 30 ))))))))((((8 (6 13 ))(25 (51 (76 (75 (78 82 ))))))((11 22 )(53 (43 67 ))))(66 71 )))))(62 (63 ((12 73 )(17 (((32 42 )(47 60 ))(38 74 ))))))))(57 (52 56 )))((15 (2 (21 24 )))(48 (5 23 ))))(27 (26 (54 (61 ((((49 ((3 58 )(68 (69 70 ))))(4 16 ))(29 37 ))((28 ((33 35 )(34 (50 (80 (77 79 ))))))(36 (40 41 )))))))))(20 ((7 46 )(39 55 )))))))*
(0 (82 (78 (75 (76 (51 (66 (71 (((64 (18 (25 (10 (((12 ((1 (89 ((85 86 )(87 88 ))))(31 84 )))((((27 ((24 (2 (21 (15 (5 23 )))))(52 81 )))(26 (54 (50 (34 (80 (77 79 )))))))(39 (20 ((7 46 )(55 59 )))))((61 (((((3 58 )(83 90 ))(49 (68 (70 (35 69 )))))(4 16 ))(29 37 )))(48 (28 (36 (40 41 )))))))((62 (63 (32 (17 ((60 (38 74 ))(42 47 ))))))(57 (56 65 ))))))))(9 ((22 (6 ((19 (11 14 ))(30 45 ))))(53 (43 67 )))))(72 ((8 33 )(13 (44 73 )))))))))))))*
(0 (82 (78 (75 (51 (76 (53 (((9 (72 (64 ((18 (25 (10 (((((61 ((28 (((35 (69 (70 (68 (((83 (90 (84 (31 (1 (89 (87 (88 (85 86 )))))))))(3 58 ))(49 (79 (77 80 ))))))))(33 ((4 16 )(29 37 ))))(36 (40 41 ))))(5 ((2 (21 (15 24 )))(23 48 )))))((26 (54 (34 50 )))(27 (52 81 ))))(39 (20 ((7 46 )(55 59 )))))(57 (56 65 )))(62 (63 ((12 73 )(17 (((32 42 )(38 74 ))(47 60 ))))))))))(66 71 )))))(22 (6 ((8 13 )(44 ((19 (11 14 ))(30 45 )))))))(43 67 )))))))))*
(0 (82 (78 (75 (((25 (((64 (((1 (87 (89 (88 (85 86 )))))(31 (84 (83 90 ))))(72 (13 (44 73 )))))((9 (18 ((6 8 )((11 22 )(53 (43 67 ))))))(66 71 )))(37 ((61 ((((((2 24 )(34 ((5 23 )(15 21 ))))(39 (55 ((7 46 )(20 ((57 (65 (56 (10 (52 81 )))))(62 (63 ((32 (42 (17 (47 60 ))))(38 74 ))))))))))(26 27 ))(54 59 ))(48 (28 (36 (40 41 ))))))((29 (((50 ((3 58 )(49 (79 (77 80 )))))(33 35 ))(69 (68 70 ))))(4 16 ))))))(12 (14 (30 (19 45 )))))(51 76 ))))))*
(0 (82 (78 (75 (76 (51 (66 (71 (72 (((64 ((1 (87 (89 (88 (85 86 )))))(31 (84 (83 90 )))))((13 (8 (48 ((((50 (34 (61 (((20 ((39 (((27 (((2 24 )(21 (15 (5 23 ))))(52 81 )))(26 54 ))((62 (10 (12 (25 (63 ((17 ((38 74 )(47 60 )))(32 (42 73 ))))))))(57 (56 65 )))))(55 59 )))(7 46 ))(80 (77 79 ))))))((33 (35 (4 16 )))(29 37 )))((49 (68 (3 58 )))(69 70 )))(28 (36 (40 41 )))))))(14 (44 (45 (19 30 ))))))(18 (9 ((22 (6 11 ))(53 (43 67 )))))))))))))))*
(0 (85 (86 (88 ((1 ((64 ((18 (25 (10 ((65 ((((5 (23 (21 (15 (24 (2 (28 (36 (40 41 )))))))))((20 ((7 46 )(39 55 )))(59 (52 81 ))))(27 (26 (54 ((61 (((16 (35 (69 (70 (68 (3 58 ))))))(29 37 ))(4 (33 48 ))))(34 (50 (49 (79 (77 80 ))))))))))(56 57 )))(62 (63 ((12 73 )(17 (((32 42 )(47 60 ))(38 74 ))))))))))((9 (22 ((53 ((6 ((19 (11 14 ))(30 45 )))(44 (8 13 ))))(43 67 ))))(72 (71 (66 (51 (76 (75 (78 82 ))))))))))(31 (84 (83 90 )))))(87 89 ))))))*
(0 (82 (78 (75 (76 (51 ((66 (71 ((((1 (87 (89 (88 (85 86 )))))(31 (84 (83 90 ))))(64 (9 (72 ((13 (44 73 ))(14 (30 (19 45 ))))))))(18 ((10 ((((((48 (28 (2 (24 (15 21 )))))(20 (39 (((7 46 )(54 (23 (52 81 ))))(55 59 )))))(61 (((29 (((3 58 )(70 (68 69 )))(4 16 )))(33 35 ))(50 (34 (49 (79 (77 80 ))))))))(26 27 ))(65 (56 57 )))(12 (25 (62 (63 (32 (17 ((60 (38 74 ))(42 47 ))))))))))((11 (5 (36 (40 41 ))))(22 37 )))))))(67 (43 (53 (6 8 )))))))))))*
(0 (82 (78 (75 (76 (51 ((66 (71 ((((1 (87 (89 (88 (85 86 )))))(31 (84 (83 90 ))))(64 (9 (72 ((13 (44 73 ))(14 (30 (19 45 ))))))))(18 ((10 ((((((48 (28 (2 (24 (15 21 )))))(20 (39 (((7 46 )(54 (23 (52 81 ))))(55 59 )))))(61 (((29 (((3 58 )(70 (68 69 )))(4 16 )))(33 35 ))(50 (34 (49 (79 (77 80 ))))))))(26 27 ))(65 (56 57 )))(12 (25 (62 (63 (32 (17 ((60 (38 74 ))(42 47 ))))))))))((11 ((40 41 )(5 36 )))(22 37 )))))))(67 (43 (53 (6 8 )))))))))))*
(0 (82 (78 (75 (76 (51 ((66 (71 ((((1 (87 (89 (88 (85 86 )))))(31 (84 (83 90 ))))(64 (9 (72 ((13 (44 73 ))(14 (30 (19 45 ))))))))(18 ((10 ((((((48 (28 (2 (24 (15 21 )))))(20 (39 (((7 46 )(54 (23 (52 81 ))))(55 59 )))))(61 (((29 (((3 58 )(68 (69 70 )))(4 16 )))(33 35 ))(50 (34 (49 (79 (77 80 ))))))))(26 27 ))(65 (56 57 )))(12 (25 (62 (63 (32 (17 ((60 (38 74 ))(42 47 ))))))))))((11 (5 (36 (40 41 ))))(22 37 )))))))(67 (43 (53 (6 8 )))))))))))*
(0 (82 (78 (75 (76 (51 ((66 (71 ((((1 (87 (89 (88 (85 86 )))))(31 (84 (83 90 ))))(64 (9 (72 ((13 (44 73 ))(14 (30 (19 45 ))))))))(18 ((10 ((((((48 (28 (2 (24 (15 21 )))))(20 (39 (((7 46 )(54 (23 (52 81 ))))(55 59 )))))(61 (((29 (((3 58 )(68 (69 70 )))(4 16 )))(33 35 ))(50 (34 (49 (79 (77 80 ))))))))(26 27 ))(65 (56 57 )))(12 (25 (62 (63 (32 (17 ((60 (38 74 ))(42 47 ))))))))))((11 ((40 41 )(5 36 )))(22 37 )))))))(67 (43 (53 (6 8 )))))))))))*
(0 (82 (78 (75 (76 (51 ((66 (71 ((((1 (87 (89 (88 (85 86 )))))(31 (84 (83 90 ))))(64 (9 (72 ((13 (44 73 ))(14 (30 (19 45 ))))))))(18 ((10 ((((((48 (28 (2 (24 (15 21 )))))(20 (39 (((7 46 )(54 (23 (52 81 ))))(55 59 )))))(61 (((29 (((3 58 )(68 (69 70 )))(4 16 )))(33 35 ))(50 (34 (49 (79 (77 80 ))))))))(26 27 ))(65 (56 57 )))(12 (25 (62 (63 (32 (17 ((60 (38 74 ))(42 47 ))))))))))((11 (36 (5 (40 41 ))))(22 37 )))))))(67 (43 (53 (6 8 )))))))))))*
(0 (82 (78 (75 ((25 (12 ((62 ((((24 ((81 (27 (26 (54 (61 ((50 (34 ((49 (((83 (90 (84 (86 (((1 89 )(87 88 ))(31 85 ))))))(3 58 ))(68 (69 70 ))))(79 (77 80 )))))(29 (((4 16 )(37 (8 (18 ((64 ((9 ((22 (6 ((19 (11 14 ))(30 45 ))))(53 (43 67 ))))(72 (13 (44 73 )))))(66 71 ))))))(33 35 )))))))))(15 (5 23 ))))(39 (20 ((7 46 )(55 59 )))))(2 (48 (28 (36 (40 41 ))))))(10 ((21 52 )(65 (56 57 ))))))(63 (17 (((32 42 )(38 74 ))(47 60 )))))))(51 76 ))))))*
(0 (85 (86 (88 (87 (89 (1 ((10 (((((2 24 )(39 (20 (((7 46 )(54 (23 (52 81 ))))(55 59 )))))(5 (15 21 )))((61 (34 (50 ((((3 58 )(83 (84 90 )))(49 (79 (77 80 ))))(((35 (4 16 ))(29 37 ))((48 ((8 (18 ((22 (6 ((19 (11 14 ))(30 45 ))))((9 ((64 ((72 (13 (44 73 )))(31 33 )))(71 (66 (51 (76 (75 (78 82 ))))))))(53 (43 67 ))))))((28 36 )(40 41 ))))(70 (68 69 ))))))))(26 27 )))(65 (56 57 ))))(12 (62 (25 (63 ((42 (17 (47 60 )))(32 (38 74 )))))))))))))))*
(0 (85 (86 (88 (87 (89 (1 ((12 (62 (25 (63 ((32 (38 74 ))(42 (17 (47 60 ))))))))(10 ((65 (56 57 ))(((61 (34 (50 ((((48 (((40 41 )(28 36 ))(8 (18 ((22 (6 ((19 (11 14 ))(30 45 ))))((9 ((64 ((31 33 )(72 (13 (44 73 )))))(71 (66 (51 (76 (75 (78 82 ))))))))(53 (43 67 ))))))))(70 (68 69 )))((29 37 )(35 (4 16 ))))(((3 58 )(83 (84 90 )))(49 (79 (77 80 ))))))))(26 27 ))(((39 (20 (((7 46 )(54 (23 (52 81 ))))(55 59 ))))(2 24 ))(5 (15 21 ))))))))))))));
p/;
