tread
'trees saved at 4800 secs.'
(0 (85 (86 (88 ((84 (((63 (((((24 (17 (9 ((64 ((((26 ((23 (1 (14 (20 (4 22 )))))(51 80 )))(25 (53 ((60 ((((15 (34 (68 (69 (67 (2 57 ))))))(32 (27 (3 47 ))))(28 36 ))(35 (39 40 ))))(33 (49 (48 (78 (76 79 )))))))))(38 (19 ((6 45 )(54 58 )))))(55 56 )))(61 (62 ((11 72 )(16 (((31 41 )(46 59 ))(37 73 ))))))))))(50 (75 (74 (77 81 )))))(65 70 ))(71 (7 12 )))(8 ((21 (5 (18 (10 13 ))))(52 (42 66 ))))))(43 (29 44 )))(30 (83 (82 90 )))))(87 89 ))))))*
(0 (85 (86 (88 ((84 ((63 (((((7 (36 (((((60 (33 (49 (53 (25 (26 (((14 (1 23 ))(20 (51 (64 (56 (55 ((38 ((4 19 )((6 45 )(54 58 ))))((9 11 )(61 (62 (16 (((31 41 )(46 59 ))(37 73 )))))))))))))(22 80 ))))))))((2 57 )(48 (78 (76 79 )))))(28 (34 (69 (67 68 )))))(3 15 ))(32 (47 (27 (35 (39 40 ))))))))(24 (50 (75 (74 (77 81 ))))))(65 70 ))(71 (12 (43 72 ))))((8 (17 (21 (5 ((10 13 )(18 (29 44 )))))))(52 (42 66 )))))(30 (83 (82 90 )))))(87 89 ))))))*
(0 (85 (86 (88 ((84 ((63 ((8 (((17 (24 ((11 (9 ((51 (20 (14 ((1 23 )(26 (25 ((((38 (4 19 ))(54 58 ))(6 45 ))(53 (22 80 )))))))))(55 (56 64 )))))(61 (62 (31 (16 ((59 (37 73 ))(41 46 )))))))))(21 (5 ((10 13 )(18 (29 44 ))))))(52 (42 66 ))))((71 ((7 (36 ((((((2 57 )(48 (78 (76 79 ))))(49 (33 60 )))(28 (34 (68 (67 69 )))))(3 15 ))(32 (47 (27 (35 (39 40 ))))))))(70 (65 (50 (75 (74 (77 81 ))))))))(12 (43 72 )))))(30 (83 (82 90 )))))(87 89 ))))))*
(0 (81 (77 (74 (75 (50 (65 (70 (((63 (17 (24 (9 (((((33 (1 (14 23 )))((19 (38 ((6 45 )(54 58 ))))(53 (22 80 ))))((4 (60 ((((15 ((34 (49 ((2 57 )(48 (78 (76 79 ))))))(32 (27 (3 47 )))))(28 36 ))(69 (67 68 )))(35 (39 40 )))))(25 26 )))((64 (20 51 ))(55 56 )))((11 (61 (62 (16 ((31 41 )((37 73 )(46 59 )))))))((30 (83 (82 90 )))(84 (89 ((85 86 )(87 88 )))))))))))(8 ((21 (5 ((10 13 )(18 (29 44 )))))(52 (42 66 )))))(71 (7 (12 (43 72 )))))))))))))*
(0 (85 (86 (88 (87 (89 (84 ((63 ((70 ((24 (11 (((19 ((54 (38 (((1 (23 (14 20 )))(33 ((47 (4 22 ))(27 (35 (39 40 ))))))(((60 (((((49 ((2 57 )(48 (78 (76 79 )))))(32 34 ))(3 15 ))(28 36 ))(67 (68 69 ))))(53 58 ))(25 (26 (51 80 )))))))(6 45 )))(55 (56 64 )))(61 (62 (31 (16 ((59 (37 73 ))(41 46 )))))))))(50 (75 (74 (77 81 ))))))((7 (65 ((8 ((21 (5 ((10 13 )(18 (29 44 )))))(52 (42 66 ))))(71 (12 (43 72 ))))))(9 17 ))))(30 (83 (82 90 )))))))))))*
(0 (85 (86 (88 (87 (89 (84 (((11 (24 ((61 (9 (((((26 ((1 (23 (14 (20 (4 22 )))))(51 80 )))(25 53 ))(60 ((((((((2 57 )(82 (83 90 )))(48 (78 (76 79 ))))(49 (33 34 )))(69 (67 68 )))(47 (27 32 )))((7 (17 ((63 ((8 ((21 (5 ((10 13 )(18 (29 44 )))))(52 (42 66 ))))(71 (12 (43 72 )))))(65 70 ))))(35 (39 40 ))))((3 15 )(28 36 )))))(38 (19 ((6 45 )(54 58 )))))(64 (55 56 )))))(62 (16 (((31 41 )(37 73 ))(46 59 )))))))(50 75 ))(74 (30 (77 81 )))))))))))*
(0 (81 (77 (74 (75 (50 (24 ((((((15 ((34 ((((33 (1 (23 (14 20 ))))((4 60 )((38 (19 (((6 45 )(53 (22 (51 80 ))))(54 58 ))))(((11 (18 (29 44 )))(61 (62 (31 (16 ((59 (37 73 ))(41 46 )))))))(55 (56 64 ))))))(25 26 ))(68 (67 69 ))))(28 (49 ((2 57 )(48 (78 (76 79 ))))))))(32 (27 (3 47 ))))(35 (39 40 )))(7 36 ))(((8 ((21 (5 (10 13 )))(52 (42 66 ))))(63 ((71 (12 (43 72 )))((30 (83 (82 90 )))(84 (87 (89 (88 (85 86 )))))))))(9 17 )))(65 70 )))))))))*
(0 (85 (86 (88 ((84 (((63 ((17 ((((28 ((49 (33 (60 ((((14 (1 23 ))((9 ((11 61 )(62 (31 (16 ((59 (37 73 ))(41 46 )))))))((20 51 )(64 (55 56 )))))(((4 (35 (39 40 )))(19 (38 ((6 45 )(54 58 )))))(53 (22 80 ))))(25 26 )))))((2 57 )(48 (78 (76 79 ))))))((32 (27 (3 47 )))(15 (34 (68 (67 69 ))))))(7 36 ))((24 (50 (75 (74 (77 81 )))))(65 70 ))))(8 ((21 (5 (18 (10 13 ))))(52 (42 66 ))))))((71 (12 72 ))(43 (29 44 ))))(30 (83 (82 90 )))))(87 89 ))))))*
(0 (85 ((86 (83 ((44 ((((71 (((17 (24 (((61 ((((26 ((23 ((1 (27 (38 (35 (39 40 )))))(14 (20 (4 22 )))))(51 80 )))(25 (53 ((60 (28 ((((48 (67 (2 57 )))(68 69 ))(15 34 ))(36 (3 (32 47 ))))))(49 (33 (79 (76 78 ))))))))(19 ((6 45 )(54 58 ))))(55 (56 64 ))))(62 (31 (16 ((59 (37 73 ))(41 46 ))))))(9 11 ))))((5 7 )(70 (65 (50 (75 (74 (77 81 ))))))))(8 ((10 21 )(52 (42 66 ))))))(30 63 ))(12 (43 72 )))(13 (18 29 ))))(82 90 ))))(88 (87 (84 89 ))))))*
(0 (81 (77 (74 (50 (75 (21 (52 (((8 (71 (63 ((17 ((((15 (34 (((49 (33 (60 ((((14 (1 23 ))((4 (53 (22 80 )))(58 (19 ((6 45 )(38 54 ))))))(((9 (61 (24 (62 (31 (16 ((59 (37 73 ))(41 46 ))))))))(11 (72 ((30 (83 (82 90 )))(84 (89 (87 (88 (85 86 )))))))))((20 51 )(64 (55 56 )))))(25 26 )))))((2 57 )(48 (78 (76 79 )))))(28 (68 (67 69 ))))))(32 (27 (3 47 ))))(35 (39 40 )))(7 36 )))(65 70 )))))((5 ((10 13 )(18 (29 44 ))))(12 43 )))(42 66 ))))))))))*
(0 (81 (77 (74 (50 (75 (52 (((65 (70 (((17 (24 (9 ((((1 (14 23 ))((4 (60 ((((6 45 )((19 38 )(54 58 )))(53 (22 80 )))(25 26 ))))(33 (47 (27 (35 (39 40 )))))))(61 ((11 72 )(62 (31 (16 ((59 (37 73 ))(41 46 ))))))))((20 51 )(64 (55 56 )))))))((8 (71 ((12 43 )(29 44 ))))(63 ((30 (83 (82 90 )))(84 (87 (89 (88 (85 86 )))))))))(7 (36 ((28 (((49 ((2 57 )(48 (78 (76 79 )))))(32 34 ))(69 (67 68 ))))(3 15 )))))))(42 66 ))(21 (5 (18 (10 13 ))))))))))))*
(0 (81 (77 (74 (75 (50 (65 (70 ((7 (36 (((28 ((60 ((((33 (1 (14 23 )))((4 (35 (39 (40 (27 47 )))))(38 (19 ((6 45 )(54 58 ))))))((9 (61 ((11 24 )(62 (16 (((31 41 )(46 59 ))(37 73 )))))))((64 (20 51 ))(55 56 ))))((53 (22 80 ))(25 26 ))))(69 (67 68 ))))((49 ((2 57 )(48 (78 (76 79 )))))(32 34 )))(3 15 ))))((((8 (17 (21 (5 ((10 13 )(18 (29 44 )))))))(52 (42 66 )))(63 ((30 (83 (82 90 )))(84 (87 (89 (88 (85 86 ))))))))(71 (12 (43 72 )))))))))))))*
(0 (81 (77 (74 (75 (50 (24 (((((60 ((4 ((1 (23 (14 20 )))(33 (47 (27 (35 (39 40 )))))))(((38 (19 (((6 45 )(53 (22 (51 80 ))))(54 58 ))))((9 ((11 (61 (62 (16 (((31 41 )(46 59 ))(37 73 ))))))((30 (83 (82 90 )))(84 (89 ((85 86 )(87 88 )))))))(64 (55 56 ))))(25 26 ))))(28 (((49 ((2 57 )(48 (78 (76 79 )))))(32 34 ))(67 (68 69 )))))(3 15 ))(7 36 ))(((63 (17 (8 ((21 (5 ((10 13 )(18 (29 44 )))))(52 (42 66 ))))))(71 (12 (43 72 ))))(65 70 ))))))))))*
(0 (85 (86 (88 ((84 (((63 ((71 (((((((60 ((33 (1 (23 (14 (4 22 )))))(53 (25 (26 (80 (19 (38 ((6 45 )(54 58 ))))))))))(28 (34 (15 (32 (27 (3 47 )))))))((49 ((2 57 )(48 (78 (76 79 )))))(69 (67 68 ))))(35 (39 40 )))(7 36 ))(17 (24 (9 ((61 (62 ((11 72 )(16 (((31 41 )(37 73 ))(46 59 ))))))((20 51 )(64 (55 56 ))))))))(70 (65 (50 (75 (74 (77 81 ))))))))(8 ((21 (5 (18 (10 13 ))))(52 (42 66 ))))))((12 43 )(29 44 )))(30 (83 (82 90 )))))(87 89 ))))))*
(0 (85 (86 (88 (87 (89 (84 (30 (83 (90 (82 (((((60 ((((33 (1 (14 23 )))((4 (35 (39 40 )))(38 (19 ((6 45 )(54 58 ))))))(((9 (17 (24 (((7 (12 (5 (18 (10 13 )))))((71 ((8 (21 (52 (42 66 ))))(63 (43 (29 44 )))))(65 70 )))(50 (75 (74 (77 81 ))))))))(61 ((62 (11 72 ))(31 (16 ((59 (37 73 ))(41 46 )))))))((64 (20 51 ))(55 56 ))))((53 (22 80 ))(25 26 ))))(49 (48 (78 (76 79 )))))((34 (15 (32 (27 (3 47 )))))(28 36 )))(68 (67 69 )))(2 57 )))))))))))))*
(0 (81 (77 (74 (75 (50 (((36 (((60 (((33 (1 (23 (14 (4 22 )))))(38 (19 ((6 45 )(54 58 )))))(25 (53 (26 80 )))))((27 47 )(35 (39 40 ))))((28 (((49 ((2 57 )(48 (78 (76 79 )))))(32 34 ))(68 (67 69 ))))(3 15 ))))(70 ((((8 ((21 (5 ((10 13 )(18 (29 44 )))))(17 65 )))(71 (72 (43 (7 12 )))))(52 (42 66 )))(63 ((30 (83 (82 90 )))(84 (87 (89 (88 (85 86 ))))))))))(24 (11 ((61 (9 ((20 51 )(64 (55 56 )))))(62 (31 (16 ((59 (37 73 ))(41 46 )))))))))))))))*
(0 (85 (86 (88 (87 (89 (84 ((((71 (70 ((36 (((28 ((((33 (1 (23 (14 (20 (4 22 ))))))(((38 (19 ((6 45 )(54 58 ))))((9 (61 (62 ((11 72 )(16 (((31 41 )(37 73 ))(46 59 )))))))(55 (56 64 ))))(25 (26 (51 80 )))))(53 60 ))(67 (68 69 ))))((49 ((2 57 )(48 (78 (76 79 )))))(32 34 )))(3 15 )))(24 (50 (75 (74 (77 81 ))))))))((12 43 )(29 44 )))(8 (63 ((((5 (18 (10 13 )))(52 (42 66 )))(21 (7 (47 ((27 35 )(39 40 ))))))(17 65 )))))(30 (83 (82 90 )))))))))))*
(0 (81 (77 (74 (50 (75 (52 (((8 (((70 (65 (17 (24 (9 ((64 (((((26 ((23 (1 (14 (20 (4 22 )))))(51 80 )))(25 53 ))(60 ((((15 (34 (68 (69 (67 (2 57 ))))))(28 36 ))(3 (32 47 )))((27 (33 (49 (48 (78 (76 79 ))))))(35 (39 40 ))))))(38 (19 ((6 45 )(54 58 )))))(55 56 )))(61 ((11 72 )(62 (31 ((16 (41 46 ))(59 (37 73 )))))))))))))(63 ((43 (29 44 ))((30 (83 (82 90 )))(84 (87 (89 (88 (85 86 )))))))))(71 (7 12 ))))(21 (5 (18 (10 13 )))))(42 66 )))))))))*
(0 (81 (77 (74 (75 (50 (((11 ((((((((1 23 )(33 (47 (27 (35 (39 40 ))))))(38 (19 ((6 45 )(54 58 )))))(4 (22 (14 20 ))))(60 ((25 (53 (49 (3 ((28 ((2 57 )(48 (78 (76 79 )))))(32 (15 (34 (68 (67 69 ))))))))))(26 (51 80 )))))(64 (55 56 )))(9 (24 (17 (((63 ((8 ((21 (5 (10 13 )))(52 (42 66 ))))(71 (12 (43 72 )))))(65 70 ))(7 36 ))))))((30 (83 (82 90 )))(84 (89 ((85 86 )(87 88 )))))))(61 (62 (16 (((31 41 )(46 59 ))(37 73 ))))))(18 (29 44 )))))))))*
(0 (85 (86 (88 ((84 ((63 (((36 (7 ((((28 ((32 (34 (33 (1 (14 23 )))))((3 15 )(60 (4 (53 ((((6 45 )((19 38 )(54 58 )))(22 80 ))(25 26 ))))))))(49 ((2 57 )(48 (78 (76 79 ))))))(69 (67 68 )))(47 (27 (35 (39 40 )))))))(17 (24 (9 ((61 (62 ((11 72 )(16 (((31 41 )(37 73 ))(46 59 ))))))((20 51 )(64 (55 56 ))))))))((8 (21 ((52 (12 (5 ((10 13 )(18 (43 (29 44 )))))))(42 66 ))))(71 (70 (65 (50 (75 (74 (77 81 ))))))))))(30 (83 (82 90 )))))(87 89 ))))))*
(0 (81 (77 (74 (75 (50 (65 ((((17 (24 (9 ((64 (((26 (((23 ((1 (27 (38 (35 (39 40 )))))(14 (20 (4 22 )))))(51 80 ))(19 ((6 45 )(54 58 )))))(25 (53 ((60 (((15 (34 (68 (69 (67 (2 57 ))))))(28 36 ))(3 (32 47 ))))(33 (49 (48 (78 (76 79 )))))))))(55 56 )))((11 61 )(62 (16 (((31 41 )(37 73 ))(46 59 )))))))))(70 (63 (8 ((71 ((12 (43 72 ))(13 (29 (18 44 )))))((30 (83 (82 90 )))(84 (89 ((85 86 )(87 88 ))))))))))((10 21 )(52 (42 66 ))))(5 7 )))))))))*
(0 (81 (77 (74 (75 (50 (65 (70 (((63 (17 (24 (9 ((((((33 (1 (23 (14 20 ))))((38 (19 ((6 45 )(54 58 ))))(22 (51 80 ))))(4 (60 (((((15 (3 ((2 57 )(48 (78 (76 79 ))))))(32 (27 (7 47 ))))(28 36 ))(34 (68 (67 69 ))))(35 (39 40 ))))))(26 (25 (49 53 ))))(64 (55 56 )))((11 (61 (62 (16 (((31 41 )(37 73 ))(46 59 ))))))((30 (83 (82 90 )))(84 (89 ((85 86 )(87 88 )))))))))))(8 ((21 (5 ((10 13 )(18 (29 44 )))))(52 (42 66 )))))(71 (12 (43 72 ))))))))))))*
(0 (81 (77 (74 (75 (50 (24 ((7 ((47 ((((49 (33 (60 (((26 ((23 (1 (14 (20 (4 22 )))))(51 80 )))(25 53 ))((38 (19 ((6 45 )(54 58 ))))((9 (61 ((11 (72 (30 (84 (89 ((85 86 )(87 88 )))))))(62 (16 (31 (41 ((37 73 )(46 59 )))))))))(64 (55 56 ))))))))(((2 57 )(82 (83 90 )))(48 (78 (76 79 )))))((32 (34 (3 15 )))(28 36 )))(69 (67 68 ))))((27 35 )(39 40 ))))(17 ((63 (71 (8 ((21 ((5 ((10 13 )(18 (29 44 ))))(12 43 )))(52 (42 66 ))))))(65 70 )))))))))))*
(0 (85 (86 (88 ((84 ((63 ((17 ((((((60 (((((33 (1 (23 (14 (20 (4 22 ))))))(38 (19 ((6 45 )(54 58 )))))(25 (53 (26 (51 80 )))))(69 (67 68 )))(28 ((49 ((2 57 )(48 (78 (76 79 )))))(32 34 )))))(3 15 ))(27 47 ))(35 (39 40 )))(7 36 ))(9 ((11 (24 (61 (62 (31 (16 ((59 (37 73 ))(41 46 ))))))))(64 (55 56 ))))))((8 ((21 (5 ((10 13 )(18 (29 44 )))))(52 (42 66 ))))((71 (12 (43 72 )))(70 (65 (50 (75 (74 (77 81 ))))))))))(30 (83 (82 90 )))))(87 89 ))))))*
(0 (81 (77 (74 (75 (50 (31 (41 (46 ((16 ((62 (61 ((((((26 ((23 (14 (20 (1 (4 (22 47 ))))))(51 80 )))(25 53 ))(60 (((3 (15 ((48 (67 (2 57 )))(68 69 ))))(28 36 ))((27 ((32 34 )(33 (49 (79 (76 78 ))))))(35 (39 40 ))))))(38 (19 ((6 45 )(54 58 )))))(55 (56 64 )))(9 (24 (17 (65 (70 (((8 ((21 (5 (18 (10 13 ))))(52 (42 66 ))))(71 (7 12 )))(63 ((43 (29 44 ))((30 (83 (82 90 )))(84 (87 (89 (88 (85 86 )))))))))))))))))(11 72 )))(59 (37 73 ))))))))))))*
(0 (85 (86 (88 (87 (89 (84 ((72 (11 (9 ((((4 (22 (20 (14 (1 23 )))))(58 (19 ((6 45 )(54 (38 61 ))))))((25 (53 (49 ((60 (((15 (3 ((2 57 )(48 (78 (76 79 ))))))(28 36 ))(((7 (17 (((63 (71 (8 (21 ((52 (12 (5 ((10 13 )(18 (43 (29 44 )))))))(42 66 ))))))(65 70 ))(24 (50 (75 (74 (77 81 ))))))))(35 (39 40 )))(47 (69 (67 68 ))))))(33 (27 (32 34 )))))))(26 (51 80 ))))((64 (73 ((37 (16 62 ))((31 41 )(46 59 )))))(55 56 ))))))(30 (83 (82 90 )))))))))))*
(0 (81 (77 (74 (50 (75 (52 (((65 (70 (((((28 (60 ((53 (25 (26 (80 ((14 (23 (1 ((((47 (4 22 ))(27 (35 (39 40 ))))(61 (11 (24 (62 (16 (((31 41 )(46 59 ))(37 73 ))))))))(38 (19 ((6 45 )(54 58 ))))))))(51 (20 (64 (55 56 )))))))))(33 (79 (76 78 ))))))(((48 (67 (2 57 )))(68 69 ))(49 (32 34 ))))(3 15 ))(7 36 ))((63 (8 ((71 ((12 (43 72 ))(13 (29 44 ))))((30 (83 (82 90 )))(84 (89 ((85 86 )(87 88 ))))))))(9 17 )))))(42 66 ))((5 18 )(10 21 ))))))))))*
(0 (81 (77 (74 (75 (50 (31 (41 (46 ((16 (62 (24 (11 (61 ((((1 23 )(38 (19 ((6 45 )(54 58 )))))((33 (((60 ((28 (((49 ((2 57 )(48 (78 (76 79 )))))(32 34 ))((3 15 )(36 (7 (((((8 ((21 (5 ((10 13 )(18 (29 44 )))))(52 (42 66 ))))(71 (12 (43 72 ))))(63 ((30 (83 (82 90 )))(84 (87 (89 (88 (85 86 ))))))))(9 17 ))(65 70 )))))))(67 (68 69 ))))((25 53 )(26 (51 80 ))))(64 (55 56 ))))((4 22 )(14 20 ))))(47 (27 (35 (39 40 ))))))))))(59 (37 73 ))))))))))))*
(0 (81 (77 (74 (75 (50 (65 (70 (((((60 ((27 (33 (((1 (20 (14 (((19 (38 ((6 45 )(54 58 ))))(26 (25 53 )))(23 (51 80 ))))))(4 22 ))(32 47 ))))(35 (39 40 ))))(((28 (34 (49 ((2 57 )(48 (78 (76 79 )))))))(68 (67 69 )))(3 15 )))(7 36 ))(17 (24 (9 ((61 ((11 (72 ((30 (83 (82 90 )))(84 (89 ((85 86 )(87 88 )))))))(62 (31 (16 ((59 (37 73 ))(41 46 )))))))(64 (55 56 )))))))(63 (71 (8 (((5 (18 (29 (44 (13 (12 43 ))))))(10 21 ))(52 (42 66 )))))))))))))))*
(0 (85 (86 (88 ((84 (((63 (((17 (24 (9 ((64 ((((((1 (23 (14 20 )))(33 (47 (27 (35 (39 40 ))))))(((34 (((32 (49 ((2 57 )(48 (78 (76 79 ))))))(3 15 ))(28 36 )))(67 (68 69 )))(25 26 )))(4 60 ))((19 (38 ((6 45 )(54 58 ))))(53 (22 (51 80 )))))(55 56 )))(61 (62 ((11 72 )(16 (((31 41 )(46 59 ))(37 73 ))))))))))(70 (65 (50 (75 (74 (77 81 )))))))((8 ((21 (5 (18 (10 13 ))))(52 (42 66 ))))(71 (7 12 )))))(43 (29 44 )))(30 (83 (82 90 )))))(87 89 ))))))*
(0 (85 (86 (88 ((84 (((63 (((17 (24 (9 ((64 ((((26 (80 ((14 (1 23 ))(20 51 ))))(25 (53 ((60 ((69 (68 (67 (2 57 ))))((34 (15 (32 (27 (3 47 )))))(28 36 ))))(33 (49 (48 (78 (76 79 )))))))))((22 (4 (35 (39 40 ))))((6 45 )(38 (19 (54 58 ))))))(55 56 )))(61 (62 ((11 72 )(31 (16 ((59 (37 73 ))(41 46 )))))))))))(70 (65 (50 (75 (74 (77 81 )))))))((8 ((21 (5 (18 (10 13 ))))(52 (42 66 ))))(71 (7 12 )))))(43 (29 44 )))(30 (83 (82 90 )))))(87 89 ))))))*
(0 (85 (86 ((30 (83 (90 (82 ((((49 (60 (33 (((((1 (47 (4 22 )))(27 (35 (39 40 ))))(38 (54 (19 (6 45 )))))(25 (26 (80 (23 (14 (20 (51 ((9 (61 (62 ((11 72 )(16 (((31 41 )(46 59 ))(37 73 )))))))(64 (55 56 )))))))))))(53 58 )))))(((28 (34 (15 (3 32 ))))(69 (67 68 )))(7 (36 ((17 ((71 (8 ((21 (5 (18 (10 13 ))))(52 (42 66 )))))(63 ((12 43 )(29 44 )))))((24 (50 (75 (74 (77 81 )))))(65 70 )))))))(48 (78 (76 79 ))))(2 57 ))))))((84 89 )(87 88 ))))))*
(0 (85 (86 ((30 (83 (90 (82 ((((49 (60 (33 (53 (25 ((26 ((23 (1 (14 (20 (4 22 )))))(51 80 )))((38 (19 ((6 45 )(54 58 ))))((9 (61 ((24 (11 72 ))(62 (31 (16 ((59 (37 73 ))(41 46 ))))))))(64 (55 56 ))))))))))(((32 (34 (3 15 )))(28 36 ))((47 ((7 (17 ((21 ((5 ((10 13 )(18 (29 44 ))))(12 43 )))((8 ((70 (65 (50 (75 (74 (77 81 ))))))(63 71 )))(52 (42 66 ))))))((27 35 )(39 40 ))))(67 (68 69 )))))(48 (78 (76 79 ))))(2 57 ))))))((84 89 )(87 88 ))))))*
(0 (81 (77 (74 (75 (50 (((36 (((60 ((4 ((1 (20 (14 23 )))(22 47 )))(((38 (19 ((6 45 )(54 58 ))))(55 (56 64 )))((25 (53 (33 49 )))(26 (51 80 ))))))(27 (35 (39 40 ))))((28 (((2 57 )(48 (78 (76 79 ))))(3 15 )))(34 (68 (67 69 ))))))(((((8 ((21 (5 (18 (10 13 ))))(52 (42 66 ))))(71 (12 (7 32 ))))(63 (43 (29 44 ))))(65 70 ))(9 17 )))(24 ((61 (11 (72 ((30 (83 (82 90 )))(84 (89 (87 (88 (85 86 )))))))))(62 (16 (41 (31 ((37 73 )(46 59 )))))))))))))))*
(0 (85 (86 (88 ((84 (((63 (((71 (12 (7 ((((15 (34 ((((33 (1 (23 (14 (20 (4 22 ))))))((60 ((38 (19 ((6 45 )(54 58 ))))(((9 (17 24 ))(61 (62 ((11 72 )(16 (((31 41 )(46 59 ))(37 73 )))))))(55 (56 64 )))))((25 53 )(26 (51 80 )))))(35 (39 40 )))(68 (67 69 )))))(32 (27 (3 47 ))))(28 36 ))((49 (2 57 ))(48 (78 (76 79 ))))))))(70 (65 (50 (75 (74 (77 81 )))))))(8 ((21 (5 (18 (10 13 ))))(52 (42 66 ))))))(43 (29 44 )))(30 (83 (82 90 )))))(87 89 ))))))*
(0 (81 (77 (74 (75 (50 (65 (70 ((36 (7 (((15 (34 (28 ((60 (((53 (25 (26 (((1 23 )(14 20 ))(51 80 )))))(64 (4 22 )))(33 (49 (79 (76 78 ))))))((48 (67 (2 57 )))(68 69 ))))))(32 (27 (3 47 ))))(35 (39 40 )))))((((8 ((21 (5 ((10 13 )(18 (29 44 )))))(52 (42 66 ))))(71 (12 (43 72 ))))(63 ((30 (83 (82 90 )))(84 (87 (89 (88 (85 86 ))))))))(17 (24 ((((19 (38 ((6 45 )(54 58 ))))(55 56 ))(61 (62 (31 (16 ((59 (37 73 ))(41 46 )))))))(9 11 ))))))))))))))*
(0 (81 (77 (74 (75 (50 (65 (70 ((((((60 ((53 (25 (26 (((1 23 )(80 (19 (38 ((6 45 )(54 58 ))))))(14 (4 22 ))))))(33 (49 (48 (78 (76 79 )))))))(28 ((2 57 )(34 (68 (67 69 ))))))(3 15 ))(32 (47 (27 (35 (39 40 ))))))(7 36 ))((((8 ((21 (5 ((10 13 )(18 (29 44 )))))(52 (42 66 ))))(71 (12 (43 72 ))))(63 ((30 (83 (82 90 )))(84 (87 (89 (88 (85 86 ))))))))(17 (24 (9 (((11 61 )(62 (31 (16 ((59 (37 73 ))(41 46 ))))))((20 51 )(64 (55 56 )))))))))))))))))*
(0 (81 (77 (74 (75 (50 (((36 (((28 (((60 (53 (25 (26 (((14 (1 23 ))(20 (51 (64 (55 56 )))))(80 ((22 (4 (35 (39 40 ))))(58 ((6 45 )(19 (38 54 )))))))))))(49 (33 (48 (78 (76 79 ))))))(34 (15 (32 (27 (3 47 )))))))(68 (67 69 )))(2 57 )))(70 (((65 ((5 7 )((10 21 )(52 (42 66 )))))(9 17 ))(63 (8 ((71 ((12 (43 72 ))(13 (44 (18 29 )))))((30 (83 (82 90 )))(84 (87 (89 (88 (85 86 ))))))))))))(24 ((11 61 )(62 (31 (16 ((59 (37 73 ))(41 46 ))))))))))))))*
(0 (81 (77 (74 (75 (50 (24 ((((71 (8 (17 ((63 ((((60 ((49 (53 (25 (26 (((4 (22 (23 (1 (14 20 )))))((19 ((6 45 )(38 54 )))(58 (51 80 ))))(((9 (61 (62 (16 (31 (41 ((37 73 )(46 59 ))))))))((11 72 )(84 (89 ((85 86 )(87 88 ))))))(64 (55 56 ))))))))(33 (79 (76 78 )))))((32 (34 (3 15 )))(28 36 )))(47 (27 (35 (39 40 )))))((48 (67 (2 57 )))(68 69 ))))(30 (83 (82 90 )))))))(65 70 ))(21 (52 (42 66 ))))(7 (12 (5 ((10 13 )(18 (43 (29 44 )))))))))))))))*
(0 (81 (77 (74 ((66 (((((7 (((60 ((53 (25 (26 ((23 (1 (14 (20 (4 22 )))))(51 80 )))))(33 (49 (48 (78 (76 79 )))))))(35 (39 40 )))(((15 (34 (68 (69 (67 (2 57 ))))))(32 (27 (3 47 ))))(28 36 ))))(17 (24 ((((38 (19 ((6 45 )(54 58 ))))(55 (56 64 )))(61 (62 (31 (16 ((59 (37 73 ))(41 46 )))))))(9 11 )))))(65 70 ))((8 (42 (52 (21 (5 ((10 13 )(18 (29 44 ))))))))(63 ((30 (83 (82 90 )))(84 (87 (89 (88 (85 86 )))))))))(71 (12 (43 72 )))))(50 75 ))))))*
(0 (85 (86 (88 ((84 ((63 ((8 (((17 (24 ((11 (9 (55 (56 (64 (((((23 (1 (27 (38 (35 (39 40 ))))))(19 ((6 45 )(54 58 ))))(14 (47 (4 22 ))))(80 (26 (25 (53 (49 (33 (60 (((2 57 )(48 (78 (76 79 ))))((34 ((3 15 )(32 (68 (67 69 )))))(28 36 )))))))))))(20 51 )))))))(61 (62 (31 (16 ((59 (37 73 ))(41 46 )))))))))(21 (5 ((10 13 )(18 (29 44 ))))))(52 (42 66 ))))((71 (7 (12 (43 72 ))))(70 (65 (50 (75 (74 (77 81 )))))))))(30 (83 (82 90 )))))(87 89 ))))))*
(0 (85 (86 ((83 (30 (((63 ((17 (24 (9 (((61 (11 (((1 (14 23 ))((38 (19 (((6 45 )((53 (22 80 ))(25 26 )))(54 58 ))))((27 35 )(39 40 ))))(4 (60 ((((15 (34 (68 (69 (67 (2 57 ))))))(28 36 ))(3 (32 47 )))(49 (33 (48 (78 (76 79 )))))))))))(62 (31 (16 ((59 (37 73 ))(41 46 ))))))((20 51 )(64 (55 56 )))))))((8 ((21 (5 (18 (10 13 ))))(52 (42 66 ))))((71 (7 (12 72 )))(70 (65 (50 (75 (74 (77 81 ))))))))))(43 (29 44 )))(82 90 ))))((84 89 )(87 88 ))))))*
(0 (81 (77 (74 (75 (50 ((70 (((((28 ((34 ((53 (25 (26 (80 (14 (1 23 ))))))((22 (4 (35 (39 40 ))))((6 45 )((19 38 )(54 58 ))))))(68 (67 69 ))))(((2 57 )(48 (78 (76 79 ))))(49 (33 60 ))))(15 (32 (27 (3 47 )))))(7 36 ))(65 (17 (24 (9 (((11 61 )(62 (31 ((16 (41 46 ))(59 (37 73 ))))))((20 51 )(64 (55 56 ))))))))))((71 ((8 ((21 (5 (18 (10 13 ))))(52 (42 66 ))))(63 ((43 (29 44 ))((30 (83 (82 90 )))(84 (87 (89 (88 (85 86 ))))))))))(12 72 )))))))))*
(0 (85 (86 (88 ((84 (((63 ((71 ((((28 ((34 ((((33 (1 (14 23 )))((4 (60 ((9 ((11 (24 (61 (72 (62 (31 (16 ((59 (37 73 ))(41 46 )))))))))((20 51 )(64 (55 56 )))))(47 (27 (35 (39 40 )))))))((19 (38 ((6 45 )(54 58 ))))(53 (22 80 )))))(25 26 ))(67 (68 69 ))))(32 (49 ((2 57 )(48 (78 (76 79 ))))))))(3 15 ))(7 36 ))(70 (65 (50 (75 (74 (77 81 ))))))))(17 (8 ((21 (5 (18 (10 13 ))))(52 (42 66 )))))))((12 43 )(29 44 )))(30 (83 (82 90 )))))(87 89 ))))))*
(0 (80 (((19 (38 (6 45 )))((23 (1 (27 (35 (39 40 )))(47 )))(((14 (4 22 ))((20 51 )((37 (73 (59 (31 (16 (41 46 ))))))(((9 (17 (((8 ((21 (5 ((10 13 )(18 (29 44 )))))(52 (42 66 ))))((70 (65 (50 (75 (74 (77 81 ))))))(71 (7 (12 (43 72 ))))))(63 ((30 (83 (82 90 )))(84 (87 (89 (88 (85 86 ))))))))))(11 (24 (61 62 ))))(64 (55 56 ))))))(26 (25 (53 (60 ((49 (33 (79 (76 78 ))))((((3 15 )((67 (48 (68 69 )))(2 57 )))(28 36 ))(32 34 ))))))))))(54 58 ))));
