tread
'arbo0les boot ev total piwe 26 '
(0 (14 (19 (((((1 (89 (87 (88 (85 (84 86 ))))))(21 (((((((61 (((34 (((2 24 )(55 (20 (7 46 ))))((28 (23 (48 59 )))(39 (40 41 )))))(15 (80 (77 79 ))))(54 (((4 50 )(26 27 ))(81 (8 (33 ((5 36 )(16 35 )))))))))(29 37 ))(69 70 ))(49 ((3 58 )(68 83 ))))(71 (9 (64 (72 (31 (73 (90 (44 (30 45 ))))))))))((10 (18 66 ))(52 56 )))(57 65 ))))((67 ((53 (6 13 ))(43 (11 22 ))))(51 (76 (75 82 )))))(62 (25 (63 (17 ((32 38 )((42 74 )(47 60 ))))))))(12 78 )))))*
(0 ((14 ((6 ((12 (((13 (44 (73 (53 (9 ((1 72 )(31 64 )))))))(84 90 ))(8 (((37 (36 ((((28 (41 (2 (27 ((59 ((39 (20 (55 (7 46 ))))(69 (70 (16 (49 68 ))))))(24 81 ))))))(61 ((34 ((58 (3 83 ))(50 (80 (77 79 )))))(26 (35 (29 54 ))))))(4 (48 (5 (15 23 )))))(33 40 ))))(22 (11 (87 89 ))))(18 (10 ((52 (21 65 ))(56 (57 ((66 (71 (62 (43 67 ))))(51 63 )))))))))))((47 60 ((17 (38 74 ))(32 42 )))(25 (76 (75 (78 82 )))))))(30 (19 45 ))))(86 (85 88 ))))*
(0 (14 (86 (85 (88 (89 (87 (1 (84 ((64 (31 (21 (((10 (18 (25 (((12 ((((2 24 )(28 48 ))(55 (7 (20 46 ))))(39 (41 (40 59 )))))((11 (22 (53 (43 67 ))))(62 (32 ((17 (42 (47 74 )))(38 60 ))))))((8 (6 19 ))(51 (76 (75 (78 82 )))))))))(71 (66 ((52 63 )(56 57 )))))(((68 ((83 (3 58 ))(49 (79 (77 80 )))))(((((4 50 )(54 (23 81 ))(26 27 ))(15 (65 (5 36 ))))(35 (16 (33 34 ))))(61 (29 37 ))))(69 70 ))))))(72 (9 (73 (44 (13 (90 (30 45 )))))))))))))))))*
(0 ((19 (((((1 ((85 (84 86 ))(89 (87 88 ))))(12 ((21 ((48 ((24 (2 28 62 ))(((54 (4 (8 49 )))(26 27 ))(23 (52 81 )))(15 60 )))(10 (18 25 ))))(((64 (((3 ((7 46 )(17 (34 38 ))))(58 ((50 63 )(61 (79 (77 80 ))))))(31 (83 90 ))))(44 (30 45 )))(69 (68 70 ))))))((40 ((9 (((((6 (5 65 ))(47 82 ))((51 76 )(75 78 )))(66 (71 ((16 35 )(29 37 )))))(72 ((13 73 )(33 (14 67 ))))))(43 53 )))(39 (55 (20 (56 57 ))))))(59 74 ))(36 41 )))(11 (22 (32 42 )))))*
(0 ((20 ((24 (15 (((5 ((36 (10 (18 (66 ((71 (37 (1 (87 (89 (85 (88 (84 86 ))))))))(9 (72 (((8 13 )(30 (44 45 )))(64 (31 73 ))))))))))(2 ((61 (4 (3 16 )))((28 (48 ((17 (12 (47 (42 (22 (76 (75 (32 ((6 19 )((67 (11 14 ))(43 53 )))))))))))(25 (60 62 )))))(40 41 ))))))(70 (33 ((35 (29 (58 ((34 (49 (77 (79 80 ))))(83 90 )))))(68 69 )))))(65 (21 (56 57 ))))))((((7 46 )((54 (23 (52 81 )))((26 27 )(50 63 ))))(39 (51 (38 74 ))))(55 59 ))))(78 82 )))*
(0 ((31 (75 ((84 (1 (89 (87 (88 (85 86 ))))))(90 (((64 (9 (72 (73 ((6 ((8 (41 (40 (((61 ((2 (3 58 ))(((29 (((4 28 )((15 34 )(24 (33 (81 83 )))))(50 (35 (80 (77 79 ))))))(54 59 ))(((39 (20 (7 (46 55 ))))(69 70 (16 (49 68 ))))(26 27 )))))(5 (36 37 )))(23 48 )))))(12 (((47 (42 (32 (17 (60 (38 74 ))))))(22 76 ))(43 (((19 (30 45 ))((51 62 )(71 (56 57 ))))(66 (63 67 ))))))))(53 (13 14 )))))))(11 44 ))(65 ((10 (21 52 ))(18 25 ))))))))(78 82 )))*
(0 (31 ((76 (((((33 (1 12 ))(8 30 ))((13 (6 (3 ((19 (71 (((((4 (36 (2 5 )))(28 (11 37 )))(16 ((35 ((39 (((56 (57 ((7 ((52 (15 21 ))((24 (81 83 ))(78 82 ))))(65 (59 (38 74 ))))))(27 (26 54 )))((20 58 )((23 (46 51 ))(55 (80 (77 79 )))))))(34 62 )))(50 ((49 (29 90 ))(69 (68 70 )))))))(84 (86 (88 (85 87 )))))(18 (25 (10 61 ))))))(64 (44 45 ))))))(48 ((17 (63 (32 (42 73 ))))(47 60 )))))(72 ((22 (43 (53 (9 66 ))))(14 67 ))))(40 41 )))(75 89 ))))*
(0 (31 (82 (78 ((75 (1 (87 (89 (88 (85 (84 86 )))))))(76 (((((((10 (12 (((21 (24 (((2 32 )(52 ((23 54 81 )(26 27 ))))(15 (38 (65 (5 (60 (36 40 41 )))))))))(39 ((62 ((63 (7 46 ))((35 ((66 ((67 (16 43 ))(51 71 )))(70 (68 69 ))))(57 (55 56 )))))(17 20 ))))(59 74 ))))(61 (47 (42 73 ))))(28 (34 (50 (80 (49 (77 79 )))))))(48 (18 25 )))(8 (22 33 )))(72 (64 (9 (((((3 6 )(11 14 ))(19 (30 45 )))(58 (83 90 )))(53 (44 (4 13 ))))))))(29 37 ))))))))*
(0 (31 (((86 ((1 84 )(87 89 )))(85 88 ))(75 ((76 ((58 ((53 (27 (2 32 )))(20 ((((4 (67 (62 63 )))((10 (18 25 ))(34 (28 (((33 (15 (21 (24 (52 81 )))))(23 48 ))(17 (38 60 )))))))(26 54 ))(37 (((12 ((14 (64 ((8 (50 (6 (65 (5 13 )))))((30 45 )(44 73 )))))(83 90 )))((59 ((7 69 )(68 70 )))(49 (47 74 ))))(((9 (40 72 ))((11 19 )((22 (42 (77 (79 80 ))))(36 41 ))))(71 (43 (46 (16 (55 ((35 39 )(66 (56 57 ))))))))))(29 61 ))))))(3 51 )))(78 82 ))))))*
(0 (31 (90 ((84 (1 (89 (85 86 )(87 88 ))))((9 ((((((((35 (29 ((61 ((48 (2 (15 24 )))((((5 (34 (3 58 )))(26 27 ))(20 ((55 (7 46 ))(39 (69 (70 (16 (49 68 ))))))))(36 (40 41 )))))((23 54 )(59 (81 83 ))))))(50 (79 (77 80 ))))(28 (4 33 )))(8 37 ))(64 72 ))(76 (65 (75 (78 82 )))))(18 (22 (6 (19 (11 14 ))))))((10 (21 25 ))((12 (47 (74 (42 ((17 60 )(32 38 ))))))((30 45 )(62 (57 (56 ((43 (67 (71 (51 66 ))))(52 63 ))))))))))(13 (44 (53 73 ))))))))*
(0 (3 (53 (58 (19 (((((((28 (46 (20 ((((((10 (1 89 ))(56 57 ))(39 (55 ((52 81 )(59 74 )))))((((5 7 )(24 (15 21 )))(23 (17 48 )))(34 (63 (25 62 )))))(26 (2 27 )))(80 (61 (54 ((65 (73 (12 38 )))(42 (32 (51 (78 (75 82 )))))))))))))(36 (40 41 )))((4 ((16 35 )(33 (50 (47 60 )))))((((71 (66 ((9 18 )(22 43 ))))((11 67 )(29 37 )))(76 (87 (88 (31 85 )))))(64 72 ))))(69 70 ))(49 68 ))(13 44 ))((30 ((6 14 )(8 (77 79 ))))(45 (90 (83 (84 86 )))))))))))*
(0 (3 (58 ((((((((1 (85 (89 (87 88 ))))(12 ((21 (24 (7 ((55 (63 (32 ((42 (17 47 ))(60 (38 74 ))))))(((20 46 )(39 62 ))(56 57 ))))))(52 ((23 81 )(26 27 ))))))(10 (5 11 )))(40 (31 (18 25 ))))(43 (22 (9 64 ))))((((((61 (2 ((35 (15 82 ))(54 (34 (59 (65 73 )))))))((72 ((53 (6 (19 (79 (77 80 )))))(71 (67 (51 66 )))))(76 (75 78 ))))(29 (28 37 )))(4 16 ))(33 (8 50 )))(48 (36 41 ))))(13 (14 ((45 (30 (68 (69 70 ))))(44 49 )))))((83 90 )(84 86 ))))))*
(0 (3 (58 (19 (30 ((44 ((14 (22 (9 (64 (43 ((41 (10 (48 ((21 (((27 (26 (((7 (((12 (1 (89 (85 (87 88 )))))((17 63 )(55 (38 74 ))))(20 46 )))((39 (70 (68 69 )))(62 (56 57 ))))((65 (61 (34 (50 (28 (4 ((6 8 )(66 67 ))))))))(54 ((5 23 )(59 (((((16 71 )((29 37 )(33 72 )))((51 76 )(75 78 )))(25 (35 82 )))(73 (32 (42 (60 (47 (80 (77 79 )))))))))))))))(24 (52 81 )))(15 (2 36 ))))(31 40 )))))(11 18 )))))))(13 53 )))(49 (45 ((83 90 )(84 86 ))))))))))*
(0 (3 (58 ((45 (30 (71 (((((12 (1 (88 (89 (87 (85 86 ))))))((8 ((61 (54 ((50 ((41 ((40 (((21 (15 ((2 (34 ((10 18 )((25 (63 (17 (38 60 ))))(62 (28 67 ))))))(24 (52 81 )))))(4 (33 35 )))(23 48 )))(59 (5 22 ))))(36 (49 (77 (79 80 ))))))(26 27 ))))(65 (66 ((39 (20 (55 (7 46 ))))(56 57 ))))))(29 37 )))(13 (72 (64 ((9 73 )(53 (43 44 )))))))((51 (76 (78 (75 (82 (31 (84 (83 90 ))))))))(47 (74 (32 42 )))))(16 (70 (68 69 )))))))(19 (6 (11 14 )))))))*
(0 (3 (58 (53 ((32 (52 (((((54 ((63 (35 ((62 (((25 (18 (10 (((42 (((((4 (1 (44 ((19 30 )(45 49 )))))(71 (61 (11 (29 (67 (28 37 )))))))(72 (41 46 )))((((6 13 )((50 64 )(60 (80 (77 79 )))))(16 43 ))(33 (8 47 ))))(9 22 )))(17 48 ))(20 34 )))))(89 ((87 (84 (86 (83 (14 90 )))))(85 88 ))))(5 (12 38 ))))(39 (55 66 )))))(26 27 )))(23 (40 73 )))((7 69 )(70 ((56 57 )(65 (59 74 ))))))(68 81 ))((21 (24 (15 (2 36 ))))(31 82 )))))(51 (76 (75 78 ))))))))*
(0 (3 (58 (((((71 ((1 (10 (61 ((40 (2 (26 (54 ((((65 (5 50 ))(23 (15 (21 52 ))))((7 (59 ((12 (31 73 ))((17 (42 47 ))((32 63 )(60 (38 74 )))))))(24 81 )))(27 (((55 (20 46 ))(56 57 ))(39 (34 62 )))))))))(41 (28 36 ))))))(((4 16 )(87 (88 89 )))(29 37 ))))(9 (72 ((33 64 )((43 67 )(53 (66 ((51 76 )(75 78 )))))))))((11 (22 35 ))((18 25 )((70 (68 69 ))(82 85 )))))((19 (30 (44 ((14 (13 (48 (6 8 ))))(45 49 )))))(86 (84 (83 90 )))))(79 (77 80 ))))))*
(0 ((6 (19 (44 (((((10 ((((((1 (89 (85 (87 88 ))))(5 21 ))(((25 ((2 24 )(76 78 )))(48 (59 (26 27 ))))(12 (17 ((32 (38 (60 (22 47 ))))(42 74 ))))))(61 (((((3 58 )(31 (84 (83 90 ))))(50 ((34 35 )(49 (77 (79 80 ))))))(4 64 ))(29 (28 37 )))))(15 65 ))((23 (54 81 ))(73 (75 82 )))))(9 18 ))(72 (8 (33 36 ))))(40 (13 41 )))(53 (67 (43 (20 (((((63 (7 46 ))(57 ((71 (16 (86 (30 45 ))))(69 (68 70 )))))(55 62 ))(39 51 ))(56 (52 66 )))))))))))(11 14 )))*
(0 (75 (((1 (((10 (61 (34 ((2 (26 (27 (39 (55 (54 (20 46 )))))))(28 ((41 (4 40 ))(36 (79 (77 80 )))))))))(56 57 ))((71 ((72 ((64 ((6 (47 (30 ((14 (((13 (3 5 ))(44 73 ))(45 65 )))(12 ((59 (7 ((23 (48 (15 21 )))(24 (52 81 )))))(74 (38 (17 60 )))))))))(8 ((33 ((69 (68 70 ))(83 (90 (78 82 )))))(49 50 )))))(66 (18 (9 (((11 22 )(43 53 ))(19 (67 76 ))))))))(37 (29 (58 (16 35 ))))))(51 (42 ((25 63 )(32 62 )))))))(87 89 ))((88 (31 85 ))(84 86 )))))*
(0 ((75 (((31 (1 84 ))(87 (86 88 )))(85 89 )))(78 (51 (76 (((((2 5 )(16 (28 33 )))(((69 (70 (68 (((46 (7 59 ))(20 (39 (24 55 ))))(54 (26 (27 ((63 (52 (21 ((65 (74 (38 ((15 (49 (80 (77 79 ))))(82 (47 60 ))))))(56 57 )))))(23 81 )))))))))((58 (29 50 ))((34 35 )(83 90 ))))(36 (40 41 ))))(61 (3 4 )))(19 (73 ((72 (((((22 (6 (71 (43 53 ))))((18 (10 (48 (25 ((12 62 )(32 (17 42 )))))))(11 37 )))(66 (8 13 )))(9 64 ))(30 (44 45 ))))(14 67 ))))))))))*
(0 ((75 ((76 (((((((40 (81 (1 (31 (84 (83 90 ))))))(72 (64 (33 67 ))))((13 (44 (53 73 )))(14 45 )))(9 43 ))((61 (2 (12 (5 (((7 (((20 46 )(55 56 ))(39 57 )))(52 ((23 (15 21 ))(34 (24 38 )))))(((26 27 )(49 50 ))((54 65 )(59 74 ))))))))((47 (42 (((10 28 )(17 60 ))((18 25 )(32 (62 63 ))))))(36 41 ))))(22 ((4 48 )(11 37 ))))(((8 ((30 (3 58 ))(6 19 )))(16 66 ))(((29 35 )(71 (51 (69 (68 70 )))))(79 (77 80 ))))))(88 (87 (89 (85 86 ))))))(78 82 )))*
(0 (75 ((78 (51 (76 (3 (58 (53 ((((30 (8 ((71 (45 (84 (1 (87 (89 (31 (86 (85 88 )))))))))(16 ((29 ((35 70 ((25 (((((27 (81 (24 ((2 32 )(52 (15 21 ))))))((7 26 )(56 (55 59 ))))(23 (5 11 )))((39 (74 (62 (38 63 ))))(57 (54 65 ))))(12 73 )))(18 (66 (40 60 )))))(68 69 )))((4 48 )(22 37 )))))))(47 (41 (((19 (42 (10 17 )))(61 (20 (34 46 ))))((28 36 )(50 (49 (77 (79 80 )))))))))((43 ((14 (6 13 ))(67 72 )))(44 64 )))(9 33 ))))))))(82 (83 90 )))))*
(0 ((75 (78 ((53 ((((24 (((((((8 (((72 ((16 (71 (66 (63 (56 ((57 ((((1 84 )(87 89 ))(61 (((29 (28 (4 37 )))((34 35 )(77 (79 80 ))))(26 54 ))))(25 (62 (22 42 )))))(46 (39 55 ))))))))(19 (43 67 ))))(10 ((9 18 )(36 (41 (11 40 ))))))(6 14 )))(33 (49 50 )))(5 (48 (23 59 ))))(((12 (17 ((38 74 )(47 60 ))))(65 73 ))(64 ((13 44 )((30 45 )(83 90 ))))))(70 (7 69 )))(3 68 )(31 82 ))(15 21 )))(52 81 ))(27 (20 58 )))(2 32 )))(51 76 ))))(86 (85 88 ))))*
(0 (75 (78 (82 (((40 (2 ((12 (((((83 (90 (31 (84 (1 (89 (87 (86 (85 88 )))))))))(34 35 ))(69 (16 36 )))(33 (((8 ((18 (11 ((4 (3 (49 (77 (79 80 )))))(68 81 ))))((61 (10 (15 (52 (65 (70 (56 57 )))))))(37 ((29 (54 (50 58 )))(66 71 ))))))(13 (9 64 )))(72 73 ))))(5 (21 23 ))))((((59 ((17 ((42 (32 (22 (6 (43 53 )))))(47 60 )))(38 74 )))(20 (51 (46 (7 63 )))))(27 (26 (25 48 ))))(24 (55 (39 62 )))))))(28 41 ))(76 (67 (19 (30 (45 (14 44 )))))))))))*
(0 ((75 (88 ((1 84 )(89 (87 (31 (85 86 )))))))(78 (82 (76 (51 (22 ((74 (38 ((24 (28 ((2 12 )(41 (40 (5 36 ))))))((62 (39 (49 ((((69 (16 (((65 (((25 (48 (53 (((3 (58 (83 90 )))(19 (30 45 )))(6 (11 14 ))))))(10 18 ))(64 (9 (33 (72 73 ))))))(61 (((4 (8 (13 44 )))(50 54 (((23 63 )(52 81 ))(26 27 ))))(29 37 ))))(71 (66 (43 67 ))))))(68 70 ))(56 57 ))((20 (7 46 ))(55 59 ))))))((35 (15 21 ))(34 (80 (77 79 ))))))))((17 60 )(42 (32 47 )))))))))))*
(0 (78 (19 (((((3 (68 (49 ((58 ((29 (35 (26 ((((((75 (1 (89 ((31 85 )(87 88 )))))(10 61 ))((2 25 )(63 (32 (17 42 )))))(57 (65 ((15 (21 (23 (5 48 ))))(7 24 )))))(27 (56 ((46 (20 (39 (51 80 ))))(55 (52 (59 (74 (81 82 )))))))))(54 (34 62 ))))))((50 (((28 ((76 (41 (40 (37 (22 (4 11 ))))))((18 (((9 43 )(67 72 ))(66 71 )))(16 36 ))))(47 60 ))(33 64 )))(69 70 ))))(77 79 )))))(30 (45 ((83 90 )(84 86 )))))(6 8 ))(13 (53 (14 44 ))))(12 (38 73 ))))))*
(0 (78 (19 ((53 (((46 (20 (54 (25 (((((18 (66 (35 (((16 ((1 (88 (89 (85 87 ))))(84 86 )))((9 72 )(58 (79 (77 80 )))))(71 (29 37 ))))))(56 57 ))(26 27 ))(2 ((61 (4 36 ))(10 34 ))))(39 62 ))))))(42 (32 (55 63 ))))((76 (22 (51 (41 (11 40 )))))(43 (75 (28 67 ))))))(((12 (24 ((82 ((33 (70 ((69 (64 (((3 45 )(49 68 ))(83 90 ))))(((50 (5 65 ))(52 (15 21 )))(31 81 )))))(23 48 )))((7 59 )(74 (47 (17 60 )))))))(38 73 ))((14 (6 13 ))(8 (30 44 ))))))))*
(0 (78 (51 ((76 (75 (2 (25 (62 ((((1 (89 (87 88 )))(84 86 ))((34 (35 ((29 ((4 (26 27 ))(54 63 )))(46 ((20 ((7 (24 ((65 (21 (31 (64 (5 73 )))))(((15 ((59 82 )(60 (80 (77 79 )))))(33 (48 (23 50 ))))(70 (69 (49 (68 (83 (45 90 ))))))))))((17 47 )(38 74 ))))(55 (32 42 )))))))(57 (56 (39 (10 (((((19 (12 ((6 14 )((8 (52 81 ))(30 (13 44 ))))))(53 58 ))(40 (43 67 )))(41 (11 22 )))(66 ((71 (9 72 ))(18 36 ))))))))))(61 (16 (28 37 )))))))))(3 85 )))))*
(0 (78 (75 (((21 (((61 ((((1 84 )(89 (87 (88 (85 86 )))))(37 (29 (71 (68 (69 (70 (30 (45 49 )))))))))(64 (31 (83 90 )))))(((4 50 )((23 54 )(26 (27 (52 81 )))))(((57 (62 (((7 (20 (16 (5 (56 66 )))))(46 (55 (17 63 ))))(39 (((8 ((41 (6 (11 19 )))(40 (14 ((33 (9 (72 (13 (44 73 )))))(53 (43 67 )))))))(18 (10 36 )))(25 (12 59 )))))))(65 (((15 82 )(38 (74 (32 (42 (22 ((47 60 )(80 (77 79 )))))))))(28 48 ))))(34 35 ))))(3 58 )))(2 24 ))(51 76 )))))*
(0 (78 (76 (((53 ((((9 (72 ((((((50 (((61 (10 ((1 (89 (87 88 )))(19 25 ))))((5 (((7 ((20 (55 (46 63 )))(39 (62 (56 57 )))))(59 74 ))((12 (33 82 ))(24 81 ))))((52 (15 21 ))(38 65 ))))(34 (54 (26 (2 27 ))))))(28 36 ))(37 (29 ((16 35 )(71 (69 70 (68 (45 49 ))))))))(18 ((83 90 )(84 86 ))))(64 (4 11 )))(44 58 ))))((6 (14 30 ))(13 (8 (48 (31 (40 41 )))))))(22 ((47 60 )(80 (77 79 )))))(66 (43 67 ))))(32 (42 (17 (23 73 )))))(51 (75 (3 85 )))))))*
(0 (78 ((82 (32 (73 (47 (((((((57 (1 (89 ((31 (85 86 ))(87 88 )))))((((46 (7 (((3 58 )(83 (84 90 )))(50 (35 (49 (79 (77 80 ))))))))(34 (63 (17 38 ))))(((26 (54 ((61 (5 65 ))(16 29 ))))(70 (68 69 )))(39 (55 59 ))))(20 27 )))((10 ((25 (62 ((2 ((24 (15 21 ))(52 81 )))(23 48 ))))(18 ((4 (28 33 ))(60 67 )))))(12 (56 (42 74 )))))(43 ((72 (9 64 ))(53 (13 (14 (45 (44 (19 30 )))))))))(22 (37 (11 (36 (40 41 ))))))(66 71 ))(6 8 ))))))(75 (51 76 )))))*
(0 (78 ((82 (32 (73 (47 (((((((57 (1 (89 ((31 (85 86 ))(87 88 )))))((((46 (7 (((3 58 )(83 (84 90 )))(50 (35 (49 (79 (77 80 ))))))))(34 (63 (17 38 ))))((26 ((54 ((61 (5 65 ))(16 29 )))(70 (68 69 ))))(39 (55 59 ))))(20 27 )))((10 ((25 (62 ((2 ((24 (15 21 ))(52 81 )))(23 48 ))))(18 ((4 (28 33 ))(60 67 )))))(12 (56 (42 74 )))))(43 ((72 (9 64 ))(53 (13 (14 (45 (44 (19 30 )))))))))(22 (37 (11 (36 (40 41 ))))))(66 71 ))(6 8 ))))))(75 (51 76 )))))*
(0 (78 ((82 (32 (73 (47 (((((((57 (1 (89 ((31 (85 86 ))(87 88 )))))((((46 (7 (((3 58 )(83 (84 90 )))(50 (35 (49 (79 (77 80 ))))))))(34 (63 (17 38 ))))((26 ((54 ((61 (5 65 ))(16 29 )))(70 (68 69 ))))(39 (55 59 ))))(20 27 )))((10 ((25 (62 ((2 ((24 (15 21 ))(52 81 )))(23 48 ))))(18 ((4 (28 33 ))(60 67 )))))(12 (56 (42 74 )))))(43 ((72 (9 64 ))(53 (13 (14 (45 (44 (19 30 )))))))))(22 (37 (11 (36 (40 41 ))))))(66 71 ))(6 8 ))))))(75 (51 76 )))))*
(0 (78 (82 (51 (75 (76 (53 (67 (72 ((66 (((9 (18 ((37 ((10 ((1 (89 ((31 85 86 )(87 88 ))))(12 (62 ((((26 ((20 ((2 32 )(27 (52 81 ))))(24 (15 21 ))))(57 (74 (65 ((61 (42 (73 (5 23 ))))(54 (50 (63 (80 (77 79 ))))))))))((34 (38 (7 46 )))(39 (55 (56 59 )))))(28 (36 ((17 60 )(40 41 )))))))))(25 48 )))((29 70 ((49 (68 (3 58 )))((19 ((45 (14 (4 11 )))(30 44 )))(83 (84 90 ))))(35 69 ))(64 71 )))))(22 43 ))(47 (8 (6 13 )))))(16 33 )))))))))))*
(0 (78 (82 (75 (31 (85 ((((1 64 )(88 (87 89 )))(((37 (((2 (28 33 ))(36 (40 41 )))(61 (((26 ((50 ((3 (58 68 ))(49 (79 (77 80 )))))(34 35 )))(29 (54 59 )))((((20 (27 ((15 ((4 5 )(23 48 )))(24 81 ))))(39 55 ))(7 46 ))(70 (16 69 )))))))((10 ((62 ((71 (66 (9 (43 67 ))))(56 (57 (51 65 )))))(21 52 )))(18 25 )))((((8 (13 (6 (11 22 ))))(14 (30 (19 45 ))))(12 ((73 (63 (32 (17 ((60 (38 74 ))(42 47 ))))))(44 53 ))))(72 76 ))))(86 (84 (83 90 ))))))))))*
(0 (78 (82 (75 ((33 ((29 (16 (((19 (30 ((45 (90 ((86 (84 (1 (87 (89 (88 (31 85 )))))))(49 83 ))))(8 (50 (((10 61 )(20 (46 ((42 (17 47 ))(80 (77 79 ))))))(41 (34 (28 36 )))))))))(3 58 ))(37 (((2 40 )(11 ((66 ((((65 ((7 59 (5 23 ))(12 ((74 (38 (32 60 )))(73 (55 63 ))))))((27 (81 (52 (24 (15 21 )))))(26 54 )))(56 (57 (39 62 ))))(69 (68 70 ))))(18 (25 35 )))))(4 48 ))))))(22 (71 (9 ((72 ((6 64 )(43 67 )))(53 (13 (14 44 )))))))))(51 76 ))))))*
(0 (78 82 (75 (76 (51 ((((71 ((((((64 (45 (((84 (1 31 ))(86 (85 (89 (87 88 )))))(83 90 ))))(66 (18 (43 (6 (11 (14 67 )))))))(69 (68 70 )))(48 (4 8 )))((35 (16 33 ))(29 37 )))((3 58 )(79 (77 80 )))))(9 (72 (30 (13 44 )))))(22 53 ))(25 ((((61 ((((15 (21 (24 (2 ((28 (36 (40 41 )))(39 62 ))))))((56 (10 52 ))(57 65 )))(81 (26 27 )))(50 (34 49 ))))(54 (23 (5 73 ))))(59 (20 ((55 (63 (7 46 )))(((17 60 )(32 42 47 ))(38 74 ))))))(12 19 )))))))))*
(0 (78 (82 (76 (51 (39 (1 (((60 (15 ((24 ((52 (65 ((((2 ((75 (((19 (44 (14 (3 (83 (90 (79 (77 80 ))))))))(86 (68 (30 (45 49 )))))(16 (88 (85 (87 89 ))))))(((36 (41 (40 (31 (72 (64 (43 (9 (53 ((6 73 )(13 (8 12 ))))))))))))((28 67 )(29 37 )))(61 ((25 (10 18 ))(66 71 ))))))(69 (55 ((20 ((7 (46 63 ))(50 58 )))(56 57 )))))(26 (27 54 )))(59 70 ))))(((33 (23 (81 (4 11 ))))(5 17 ))(21 48 ))))(62 ((34 35 )(38 84 ))))))(32 (22 42 )))(47 74 )))))))))*
(0 (81 ((24 (27 ((26 ((((((61 (48 (2 (28 ((8 (43 ((10 ((((64 ((1 ((88 (85 86 ))(87 89 )))(31 84 )))(25 ((12 (62 (19 (44 (30 45 )))))(63 (32 (17 (42 (47 60 ))))))))(66 (71 (72 (73 ((6 67 )(53 (75 76 ))))))))(9 18 )))(22 (13 (11 14 ))))))(41 (40 (5 36 ))))))))((16 (3 4 ))(33 37 )))(50 ((15 (49 (77 (79 80 ))))(34 35 ))))(29 (23 54 )))((58 (83 90 ))(68 69 70 )))(21 ((65 (51 (78 82 )))(57 (52 56 ))))))((38 74 )(55 59 )))))(20 (39 (7 46 ))))))*
(0 (81 (83 (1 ((5 (39 (((20 (27 ((15 (52 (2 21 )))(3 58 ))))((38 ((10 (48 ((22 ((8 (66 (6 ((((17 63 )(42 ((32 (51 (76 (75 (31 (78 82 ))))))(55 73 ))))((47 60 )(80 (77 79 ))))(53 (67 72 ))))))(9 (13 43 ))))((89 (14 30 ))((23 46 )(40 41 ))))))(18 (25 (62 (34 (84 90 )))))))(74 (56 57 ))))(((61 ((((4 49 )(((44 (11 (19 45 )))(87 (88 (85 86 ))))(16 36 )))((29 (28 37 ))(35 50 )))(64 71 )))(59 (54 65 )))(7 (26 (69 (68 70 ))))))))(12 (24 33 )))))))*
(0 (81 (83 ((90 (1 84 ))(45 ((30 (19 ((71 (((((10 (20 ((61 ((((34 (2 24 ))((35 (69 (70 (16 68 ))))(39 (55 59 ))))(54 (26 (27 50 ))))(28 29 )))((7 (58 (3 4 )))(46 (41 (80 (49 (77 79 )))))))))((12 (52 (38 74 )))((62 (66 (63 (32 (42 (47 (17 60 )))))))(56 57 ))))(76 (8 ((22 ((48 (23 ((5 (36 40 ))(15 21 ))))(11 37 )))(51 (6 65 ))))))(18 25 ))(64 ((9 (72 ((13 73 )(33 (31 (78 82 ))))))(53 (43 67 ))))))(75 (88 (89 (87 (85 86 ))))))))(14 44 )))))))*
(0 (82 (((49 (68 (69 (70 ((50 ((27 ((((((61 (1 (89 (87 88 ))))(5 12 ))(32 ((47 (((71 (64 ((72 (9 ((67 (33 (18 (((28 (2 (10 ((38 (23 (15 21 )))((24 (52 81 ))(78 (34 62 )))))))(4 48 ))(25 (60 (17 63 )))))))((6 66 )(8 (41 (40 (11 36 ))))))))(43 53 ))))((3 16 )(19 (30 (45 (44 (13 14 )))))))(76 (22 37 ))))(42 73 ))))(7 (46 (80 (77 79 )))))(20 ((65 (51 58 ))(59 (55 74 )))))(57 (39 56 ))))(26 54 )))(29 35 ))))))((31 75 )(86 (84 85 ))))(83 90 ))))*
(0 (82 (78 (13 ((73 (31 (((64 (72 (71 (((87 (89 (1 84 )))(88 (85 86 )))(37 ((33 (48 ((2 28 )(23 24 ))))(((35 (29 (69 (70 (68 ((3 58 )(49 83 )))))))(((5 61 )(54 (50 (26 27 ))))(34 (15 (80 (77 79 ))))))(4 16 ))))))))(44 (30 (45 90 ))))(65 (57 (21 (52 (56 (10 ((22 (43 (53 (67 ((75 (11 (19 (6 14 ))))(25 (51 76 )))))))(66 (9 (18 (8 (36 ((39 (20 ((7 46 )(55 (59 81 )))))(40 41 )))))))))))))))))(12 (62 (63 (17 (((32 42 )(38 74 ))(47 60 )))))))))))*
(0 (82 (78 (51 (75 (76 ((((66 ((18 (25 ((12 (1 (73 (31 40 ))))(10 (63 (32 (17 (42 47 ))))))))(89 (85 (87 88 )))))((22 (19 (11 (3 6 ))))((9 (72 (64 (44 ((13 45 )(14 90 ))))))(53 (84 (43 67 ))))))(71 (30 86 )))(8 (37 (48 (4 ((16 ((2 61 )(28 (41 (5 (36 60 ))))))(((50 ((20 (46 ((7 (59 ((54 (23 (24 81 )))(26 27 ))))((55 (39 (62 (((21 52 )(65 (38 74 )))(56 57 )))))(35 (69 (68 70 )))))))(34 (15 (49 (79 (77 80 )))))))(33 83 ))(29 58 ))))))))))))))*
(0 (82 (78 (75 (((12 ((((1 ((54 (23 (4 81 )))((26 27 )(50 63 ))))(59 ((61 ((3 58 )(83 90 )))(7 46 ))))(20 (5 (56 (57 65 )))))(17 (10 ((25 (48 (18 (70 ((6 (66 (31 ((2 ((15 (24 (39 (76 (32 51 )))))(21 52 )))(33 (28 36 ))))))(9 (64 ((86 (14 ((8 13 )(30 (44 (45 49 ))))))((40 (41 (11 19 )))(72 (67 (16 (69 (68 (29 (71 (37 (((22 35 )(47 (60 74 )))(43 53 )))))))))))))))))))(62 ((34 84 )(38 (42 (80 (77 79 )))))))))))(55 73 ))(89 (87 (85 88 ))))))))*
(0 (82 (78 ((75 ((1 89 )(87 (88 (84 86 (31 85 ))))))(((25 ((12 (73 ((2 (61 (10 (36 ((19 28 )(40 41 ))))))(5 (((34 (24 ((7 ((20 46 )(39 62 )))(59 (55 (38 74 ))))))((15 21 )(23 ((((26 27 )(54 63 ))(49 50 ))(52 81 )))))(65 (56 57 )))))))(32 (42 (47 (17 60 ))))))((((((37 (3 (4 16 )))(((29 (35 (69 (68 70 ))))(58 (79 (77 80 ))))(71 (83 90 ))))(9 (72 (33 64 ))))(66 (11 18 )))((6 (13 14 ))(48 (8 (30 (44 45 ))))))(22 (53 (43 67 )))))(51 76 ))))))*
(0 (82 (78 (75 ((1 (89 (87 (88 (86 (85 (84 (83 90 ))))))))(((12 ((((61 ((39 (34 ((15 (21 (2 24 )))(23 48 ))))(54 (26 (27 (52 81 ))))))(7 46 ))(20 (5 (3 58 ))))(55 59 )))((10 (62 (25 (63 (32 (17 (38 ((74 (42 73 ))(60 (47 (77 (79 80 ))))))))))))(56 57 65 )))(71 ((29 ((50 (4 49 ))(69 (68 (70 (40 (41 (36 (28 33 ))))))))(16 35 ))(22 37 ))(9 (72 (19 (6 ((45 (8 (30 (13 44 ))))(11 14 ))))))(43 (64 (18 67 ))(66 (31 (53 (51 76 ))))))))))))*
(0 (82 (78 (75 ((((25 (71 (((64 (90 ((1 84 )(31 (86 (85 (89 (87 88 ))))))))((66 ((10 18 )(21 52 )))(56 ((22 65 )(57 (62 (53 (43 67 ))))))))(((61 (29 (59 ((54 ((26 (27 (81 (15 (2 24 )))))(20 (7 46 ))))(55 ((16 (33 (4 (28 34 ))))(35 (5 (50 (80 (77 79 )))))))))))(70 ((68 (49 (83 (3 58 ))))(69 (39 (41 (40 (36 (23 48 )))))))))(8 37 )))))(63 (47 (42 (17 ((32 60 )(38 74 )))))))(12 (((19 (45 (6 11 )))(14 30 ))((9 72 )(13 (44 73 ))))))(51 76 ))))))*
(0 (82 (78 (75 (31 (((1 (88 ((85 86 )(87 89 ))))(((14 (72 (13 (((64 (65 (((62 ((63 (52 (81 (27 (26 ((54 (59 ((29 (16 (33 (28 (34 (2 24 ))))(35 ((41 (39 55 ))(69 (68 70 ))))))(61 (20 (7 ((3 58 )(46 (77 (79 80 ))))))))))(50 (8 49 ))))))))(10 (18 25 ))))(38 (60 (17 (47 (42 (32 74 )))))))(56 57 ))))(67 ((43 (22 (11 (37 (48 ((15 (4 23 ))(21 (5 (36 40 )))))))))(6 66 ))))(9 (71 (53 (51 76 ))))))))(44 (30 45 )))(12 (19 73 ))))(84 (83 90 ))))))))*
(0 (82 (78 (75 (51 (32 (((17 (63 (23 ((27 (52 (1 81 )))((50 (4 (8 (44 (30 45 )))))(26 54 ))))))(55 ((12 (24 (((((15 (2 21 ))((5 65 )(56 57 )))(61 (10 (36 ((((16 ((3 58 )(83 84 )))(35 49 ))((29 (67 (28 (11 14 ))))(37 90 )))((((64 ((72 ((13 (40 (41 (6 19 ))))((22 (76 (47 60 )))(43 53 ))))((9 66 )(31 33 ))))(86 (87 (85 88 ))))(18 70 ))(69 (68 71 ))))))))((7 46 )(20 (39 (62 (74 (38 (34 (80 (77 79 ))))))))))(25 59 ))))(48 89 ))))(42 73 ))))))))*
(0 (82 (78 (75 (51 ((46 ((59 (7 ((61 ((12 (1 (89 ((85 86 )(87 88 )))))(5 (39 (56 (57 (65 (38 ((((25 (62 (2 34 )))(10 (17 63 )))((21 52 )(24 81 )))(15 (23 48 )))))))))))(26 (54 ((29 ((37 ((64 71 (((72 (((((3 58 )(13 44 ))(8 ((70 (35 50 ))(49 (79 (77 80 ))))))(18 ((4 67 )(28 33 ))))(40 41 )))((9 (6 (11 (19 (45 (14 30 ))))))(22 66 )))(43 53 )))(36 (47 60 ))))((16 76 )(31 (84 (83 90 ))))))(68 69 )))))))(55 (74 (32 (42 73 ))))))(20 27 )))))))*
(0 (82 (78 (75 (51 (76 (31 (53 (66 (71 ((43 ((((61 (((39 ((34 (62 ((10 ((12 (1 (89 (87 (88 (85 (86 (84 (83 90 )))))))))(56 (57 65 ))))(25 (63 (32 (17 ((38 (47 60 ))(74 (42 73 ))))))))))((2 (21 (15 24 )))(48 (5 23 )))))(54 (26 27 )))((52 81 )(55 59 ))))(20 (7 46 )))(((28 33 )(40 41 ))(50 (36 (49 (79 (77 80 )))))))((4 (68 (3 58 )))(29 (16 35 ))(69 70 ))))(((9 ((64 (6 (8 (45 (30 (13 44 ))))))(18 67 )))(22 (11 37 )))(72 (14 19 ))))))))))))))*
(0 (82 (78 (75 (51 (76 (31 (53 (66 (71 ((43 ((((61 (((39 ((34 (62 ((10 ((12 (1 (89 (87 (88 (85 (86 (84 (83 90 )))))))))(56 57 65 )))(25 (63 (32 (17 ((38 (47 60 ))(74 (42 73 ))))))))))((2 (21 (15 24 )))(48 (5 23 )))))(54 (26 27 )))((52 81 )(55 59 ))))(20 (7 46 )))(((28 33 )(40 41 ))(50 (36 (49 (79 (77 80 )))))))(((4 (68 (3 58 )))(69 70 ))(29 (16 35 )))))(((9 ((64 (6 (8 (45 (30 (13 44 ))))))(18 67 )))(22 (11 37 )))(72 (14 19 ))))))))))))))*
(0 (82 (78 (75 (51 (76 (31 (53 (66 (71 ((43 ((((61 (((39 ((34 (62 ((10 ((12 (1 (89 (87 (88 (85 (86 (84 (83 90 )))))))))(56 57 65 )))(25 (63 (32 (17 ((38 (47 60 ))(74 (42 73 ))))))))))((2 (21 (15 24 )))(48 (5 23 )))))(54 (26 27 )))((52 81 )(55 59 ))))(20 (7 46 )))(((28 33 )(40 41 ))(50 (36 (49 (79 (77 80 )))))))(((4 (68 (3 58 )))(69 70 ))(29 (16 35 )))))(((9 ((64 (6 (8 (45 (30 (13 44 ))))))(18 67 )))(22 (11 37 )))(72 (14 19 ))))))))))))))*
(0 (82 (78 (75 (51 (76 (53 ((33 (8 (16 (29 (72 (((((9 (((84 (86 (1 (87 (89 (85 88 ))))))(64 (83 90 )))(18 ((66 (25 (73 ((65 (57 (56 (62 ((39 (26 (27 (81 (52 ((2 32 )(24 (15 (21 31 )))))))))(55 (7 (12 ((23 (5 (11 40 )))(59 (74 (38 60 ))))))))))))(54 63 )))))(35 (70 (68 69 )))))))(71 ((13 44 )(30 45 ))))(22 (37 (4 48 ))))(14 (43 (((10 (61 (34 ((49 50 )(77 (79 80 ))))))((42 (17 47 ))(20 46 )))((19 41 )(28 36 ))))))(6 67 )))))))(3 58 )))))))))*
(0 (82 (78 (75 (((((61 (41 ((((81 (1 ((88 (87 (89 (31 85 ))))(86 (84 (83 90 ))))))(52 (2 32 )))(4 (23 (40 (11 (48 (22 (37 (5 (21 (15 36 )))))))))))((28 (10 (12 (25 (18 (9 ((64 (66 (8 33 )))(14 (17 (47 (42 (34 (38 (77 (79 (49 80 ))))))))))))))))(24 ((20 55 )(39 62 )))))))(29 54 ))(72 (73 (44 58 ))))(67 (((63 ((60 ((3 53 )(6 (13 (74 (65 (70 (56 57 ))))))))(59 (50 (26 27 )))))(43 (16 35 )))(71 (((7 46 )(68 69 ))(30 (19 45 )))))))(51 76 ))))))*
(0 (82 (78 (75 (((((61 (41 ((((81 (1 ((88 (87 (89 (31 85 ))))(86 (84 (83 90 ))))))(52 (2 32 )))(4 (23 (40 (11 (48 (22 (37 (5 (21 (15 36 )))))))))))((28 (10 (12 (25 (18 (9 ((64 66 (8 33 ))(14 (17 (47 (42 (34 (38 (77 (79 (49 80 ))))))))))))))))(24 ((20 55 )(39 62 )))))))(29 54 ))(72 (73 (44 58 ))))(67 (((63 ((60 ((3 53 )(6 (13 (74 (65 (70 (56 57 ))))))))(59 (50 (26 27 )))))(43 (16 35 )))(71 (((7 46 )(68 69 ))(30 (19 45 )))))))(51 76 ))))))*
(0 (82 (78 (75 (((((61 (41 ((((81 (1 ((88 (87 (89 (31 85 ))))(86 (84 (83 90 ))))))(52 (2 32 )))(4 (23 (40 (11 (48 (22 (37 (5 (21 (15 36 )))))))))))((28 (10 (12 (25 (18 (9 ((64 66 (8 33 ))(14 (17 (47 (42 (34 (38 (77 (79 (49 80 ))))))))))))))))(24 ((20 55 )(39 62 )))))))(29 54 ))(72 (73 (44 58 ))))(67 (((63 ((60 ((3 53 )(6 (13 (74 (65 (70 (56 57 ))))))))(59 (50 (26 27 )))))(43 (16 35 )))(71 (((7 46 )(68 69 ))(30 (19 45 )))))))(51 76 ))))))*
(0 (82 (78 (75 ((((76 (((29 (35 ((50 ((26 (27 (23 (((21 (52 (1 81 )))(((7 (46 (39 (20 55 ))))(63 (51 62 )))(56 57 )))(61 (10 (5 ((48 (2 (28 (40 41 ))))(24 (49 (12 38 )))))))))))(34 54 )))((15 (80 (77 79 )))(36 (47 60 ))))))(4 (3 58 )))((18 (11 37 ))(((31 85 )(86 (84 (83 90 ))))(89 (87 88 ))))))(22 (8 (13 (14 44 )))))((6 (((16 (69 70 (68 (30 45 ))))(66 71 ))(43 67 )))(53 (72 (9 (33 64 ))))))(25 ((17 (65 (59 74 )))(32 (42 (19 73 ))))))))))*
(0 (82 (78 (75 (76 (((31 (((1 84 )(83 90 ))((14 (45 (19 (41 (5 (23 (89 (85 (87 (36 88 ))))))))))(44 (73 (33 72 ))))))(40 67 ))(28 (34 ((21 (2 24 ))(12 (((((7 ((((26 (27 (15 (58 ((3 51 )(((22 (11 (6 13 )))(50 (49 (79 (77 80 )))))(65 (38 (60 74 )))))))))((61 ((29 (4 37 ))(25 (54 59 ))))(48 (10 (8 (18 ((9 64 )(43 (53 81 )))))))))(71 (68 70 )))(57 (56 (52 66 )))))(63 (32 (17 (42 47 )))))(20 46 ))(35 (69 (16 (30 86 )))))(55 (39 62 )))))))))))))*
(0 (82 (78 (75 (76 (51 ((12 (((18 ((9 (64 (((30 (45 (90 (1 (84 (87 (89 (88 (85 86 )))))))))(13 (44 73 )))(31 72 ))))(65 (57 (56 (10 (21 52 )))))))(66 (71 (((((4 (33 (35 (34 (2 (15 24 ))))))((((5 (49 (3 58 )))((7 (55 59 ))(46 ((20 27 )(26 ((28 (23 48 ))(39 (40 41 ))))))))(61 (54 (81 83 ))))(50 (79 (77 80 )))))(29 (69 (68 70 ))))(16 36 ))(8 37 )))))((22 ((6 19 )(11 14 )))(43 53 ))))(25 (67 (62 (63 ((17 (42 (47 74 )))(32 (38 60 ))))))))))))))*
(0 (82 (78 (75 (76 (51 (22 (25 ((((71 (64 ((1 73 )((72 (9 33 ))(13 (44 (30 45 )))))))((37 (((((3 58 )(83 (84 90 )))(49 (79 (77 80 ))))(50 (34 61 )))(29 (68 (70 (69 (16 35 )))))))(87 (89 (88 (86 (31 85 )))))))(((10 (56 (5 36 )))(18 66 ))((15 21 )(57 65 ))))(12 ((((20 (2 24 ))((59 (40 (41 (8 ((6 (14 (53 (43 67 ))))(11 19 ))))))(((7 46 )(39 55 ))(54 (23 (52 81 ))))))((28 (4 48 ))(26 27 )))(62 ((60 (17 (42 (47 74 ))))(32 (38 63 )))))))))))))))*
(0 (82 (78 (75 (76 (51 (25 (2 (((((59 ((52 (1 81 ))(74 (38 55 ))))(12 24 ))((10 (61 ((36 ((((29 (49 (68 (3 58 ))))((71 (45 (83 (90 (84 (86 ((31 85 )(89 (87 88 )))))))))(35 (69 70 ))))((18 (37 (4 11 )))(16 (((66 ((9 ((53 (6 14 ))(43 67 )))(72 (33 64 ))))(79 (77 80 )))(8 (30 (13 44 )))))))((19 (28 50 ))(41 ((40 (22 48 ))(47 60 ))))))(34 (26 54 )))))((65 (23 (5 (15 21 ))))(56 57 ))))((7 (46 (63 ((17 32 )(42 73 )))))(39 62 )))(20 27 ))))))))))*
(0 (82 (78 (75 (76 (51 (32 ((47 (41 ((66 ((((88 ((84 (1 31 ))(89 (87 (85 86 )))))((22 ((37 (33 (4 (48 (23 (15 21 ))))))(11 (5 (36 40 )))))(16 (35 (29 (69 (68 70 )))))))(71 (64 (9 (72 (13 44 ))))))(18 (25 (10 (((28 (2 (24 (52 81 ))))(62 (17 60 )))(12 (61 (((((50 ((49 ((3 58 )(83 90 )))(79 (77 80 ))))((7 46 )(34 (38 63 ))))(56 (57 65 )))(20 (26 27 )))(39 (54 (59 (55 74 )))))))))))))(8 ((6 (19 (30 (14 45 ))))(53 (43 67 )))))))(42 73 )))))))))*
(0 (82 (78 (75 ((76 (53 (31 (2 (32 (24 ((((((25 (12 (73 ((1 84 )(89 ((85 88 )(86 87 )))))))(((((4 (40 (36 60 )))(((((35 (50 (5 (((23 65 )(38 (80 (49 (77 79 )))))(56 57 )))))(66 (22 47 )))(18 70 ))(8 (33 ((72 (9 64 ))(19 (44 (30 45 )))))))(48 (41 (6 13 )))))(43 ((67 ((28 (11 14 ))(29 37 )))(16 ((68 69 )(71 (83 90 )))))))(17 42 ))(10 61 )))(74 (55 59 )))(((63 (7 (34 46 )))(39 62 ))(26 54 )))(20 (27 81 )))((15 58 )(21 52 )))))))))(3 51 ))))))*
(0 (82 (78 (75 (76 ((((9 ((64 (72 (((((4 (33 (28 (34 (2 (24 (15 ((21 (10 ((12 (1 (89 (((31 85 )(86 (84 (83 90 ))))(87 88 )))))(65 (59 74 )))))((62 (((20 ((5 (39 55 ))(7 46 )))(56 57 ))(52 63 )))(38 (60 (17 (42 47 )))))))))))))(25 48 ))(((3 58 )(79 (77 80 )))(49 (8 13 ))))(29 37 ))((50 (26 27 ))(61 (36 (40 41 )))))))(18 (11 ((54 (23 81 ))(32 73 ))))))((51 (66 (71 (((16 35 )(69 (68 70 )))(30 45 )))))(43 67 )))(6 (53 (14 22 ))))(19 44 )))))))*
(0 (82 (78 (75 (90 ((84 (86 (1 (89 (87 (85 88 ))))))(83 (81 (4 ((69 ((70 (48 ((8 (18 (25 ((9 (72 (((66 (52 (21 ((31 (2 33 ))(15 24 )))))((3 58 )(53 (32 (51 76 )))))(71 (64 (43 67 ))))))(22 (13 (6 (11 (45 (19 (14 (30 44 ))))))))))))((28 (36 39 ))(40 41 )))))(((61 ((46 (7 (23 ((5 (20 59 ))(12 (55 ((47 ((63 (17 60 ))(42 73 )))(74 (38 (77 (79 80 )))))))))))(54 ((16 35 )(29 37 )))))((10 62 )(65 (56 57 ))))(34 (50 (26 27 ))))))(49 68 )))))))))))*
(0 (82 (78 (76 (75 (51 ((67 (43 (53 (6 (14 (22 (((((8 (37 (83 ((48 (33 (28 (34 ((5 ((((((73 (1 31 ))((12 (62 63 ))(19 (74 (32 (42 ((17 38 )(47 60 ))))))))((10 (21 52 ))(65 (56 57 ))))(61 (59 ((7 46 )(20 (39 55 ))))))((23 (27 81 ))(54 (26 50 ))))((15 24 )(80 (49 (77 79 ))))))(2 (36 (40 41 ))))))))(29 ((3 58 )((69 (16 35 ))(68 70 ))))))))(18 25 ))(13 (84 90 )))(9 64 ))((72 (44 ((4 11 )(30 45 ))))(87 (89 (88 (85 86 ))))))))))))(66 71 ))))))))*
(0 (82 (78 (76 (75 (((((9 ((72 (30 ((45 (90 (31 (84 (1 (86 (85 (89 (87 88 )))))))))(44 73 ))))(64 (71 (10 ((18 (11 65 ))(66 ((21 52 )(56 57 )))))))))(22 (6 (51 (13 42 )))))(43 53 ))(14 67 ))(19 (12 (62 (25 (63 (32 ((17 (47 (8 (48 ((((61 ((15 (70 (68 (69 (2 (36 (35 ((16 (83 (3 (77 (79 80 )))))((28 (29 37 ))(33 34 ))))))))))(5 58 )))((4 49 )(7 59 )))(20 46 ))(50 ((27 (81 (23 (24 (39 (55 (40 41 )))))))(26 54 ))))))))(60 (38 74 )))))))))))))))*
(0 (82 (78 ((81 (24 ((52 ((26 (62 (39 (((59 ((25 ((48 (1 89 ))((22 (14 (67 (28 (37 (11 (4 36 )))))))(((8 (43 (6 13 )))((30 (44 (19 45 )))(72 (40 41 ))))((33 (9 66 ))((16 (35 ((71 (29 (69 70 )))(50 ((49 83 )(84 (90 (79 (77 80 )))))))))(18 64 )))))))(12 (5 (10 61 )))))(((7 (34 46 ))(23 54 ))((55 ((17 63 (47 60 ))(42 73 )))(38 74 ))))(56 (57 65 ))))))(20 27 )))(2 (15 21 )))))(51 (32 (75 (76 (53 (31 ((3 58 )(68 (86 (88 (85 87 )))))))))))))))*
(0 (82 (78 ((90 (38 (45 ((69 70 ((((34 (2 ((((64 ((((88 (87 (89 (1 85 ))))(84 86 ))(31 75 ))((25 (37 (5 33 )))((76 (72 ((9 22 )(32 (42 47 (17 60 ))))))(16 71 )))))(((((30 ((44 (3 58 ))(12 19 )))((13 14 )(53 73 )))(6 8 ))(43 (66 67 )))((10 18 )(11 (36 (40 41 ))))))(4 48 ))(28 61 ))))(50 65 ))(26 (27 (24 (15 21 )))))(((7 ((46 55 )(51 63 )))(20 (((54 (23 (80 (77 79 ))))(29 35 ))(59 74 ))))((52 (39 56 ))(57 62 )))))(49 68 )))))(81 83 )))))*
(0 (82 (78 (90 (83 (49 (81 ((54 (34 (65 ((24 ((((7 (55 (38 (74 (42 (17 (32 (63 (73 ((53 ((9 ((((75 ((1 (88 (85 (87 89 ))))(31 (84 86 ))))(10 (61 (2 (28 (36 (41 (40 (11 (4 (48 (22 (5 37 )))))))))))))(64 (18 (43 ((6 8 )(66 67 ))))))((72 (16 71 ))(25 76 ))))((44 (3 (13 14 )))(30 45 ))))(12 19 ))))))(47 60 ))))))((20 46 )(51 (29 (35 (33 (58 (79 (77 80 )))))))))(39 (62 (57 (52 56 )))))((15 21 )(23 59 ))))(70 (68 69 ))))))(50 (26 27 ))))))))))*
(0 (82 (85 (75 (86 (((1 (89 (87 88 )))(((25 ((18 (10 (21 ((62 ((((2 (5 (28 (((61 (4 (3 16 )))(41 (33 40 )))(36 48 )))))(39 (59 70 )))(55 (20 ((46 (7 (54 (69 (29 (68 (58 (49 (79 (77 80 ))))))))))((23 81 )((26 27 )(35 50 )))))))(24 (15 34 ))))((57 (65 (38 (74 (60 (42 47 (17 (32 63 ))))))))(52 56 ))))))(66 (11 22 ))))(37 (12 (8 (30 (6 19 ))))))(71 (((72 (9 (73 (14 (44 (13 45 ))))))(64 (67 (43 53 ))))(76 (51 78 ))))))(31 (84 (83 90 )))))))))*
(0 ((83 (90 ((((1 86 )(84 (85 (89 (87 88 )))))(31 75 ))(71 (64 (37 ((61 ((29 ((35 (((34 (2 (24 (15 21 ))))(27 (26 54 )))((65 (38 (50 ((19 (3 45 ))(59 74 )))))(57 (62 (7 ((56 ((39 ((25 (18 (66 (9 (((47 (40 (41 ((6 (60 (13 (22 (11 (5 36 ))))))(51 (79 (77 80 )))))))(76 ((14 67 )(43 53 ))))(72 (8 30 )))))))(10 12 )))(20 (52 81 ))))(46 (55 (63 ((17 (32 (23 48 )))(42 73 ))))))))))))(69 (68 70 ))))(58 (44 49 ))))(28 (16 (4 33 ))))))))))(78 82 )))*
(0 ((83 (90 (75 ((((1 89 )((((37 (4 (28 (2 ((((5 12 )(((7 ((39 (10 (56 57 )))(20 (46 (55 (80 (77 79 )))))))(23 (52 81 )))(((17 ((32 42 )(73 (47 60 ))))(74 (38 65 )))(59 ((54 (63 (27 (26 50 ))))(61 (51 58 )))))))(24 (15 21 )))(34 62 ))))))(29 ((16 35 )(49 (70 (68 69 ))))))(((((9 ((72 (44 (19 (11 (14 ((3 6 )(30 45 )))))))((71 (43 67 ))(53 76 ))))(22 66 ))(8 (36 (40 41 ))))(18 25 ))(64 (13 (33 48 )))))(87 88 )))(84 86 ))(31 85 )))))(78 82 )))*
(0 ((85 ((1 ((74 (12 ((7 (46 (22 ((72 ((29 ((37 (((64 ((43 (10 (39 (56 (((27 (2 26 ((31 (68 (70 (69 (18 48 )))))(36 (40 41 )))))((21 (24 (15 (38 62 ))))(52 81 )))(57 65 ))))))(66 (75 (78 (4 67 ))))))(61 (50 (28 34 ))))(8 49 )))(33 (16 35 ))))(((13 51 )((76 (47 (77 (79 80 ))))(71 82 )))(25 (54 (73 (63 (23 32 ))))))))(9 (53 (44 ((19 ((3 14 )((6 11 )(45 (83 90 )))))(30 58 )))))))))(5 (20 (42 (17 60 )))))))(55 59 )))(89 (87 88 ))))(84 86 )))*
(0 ((85 ((1 (89 ((31 86 )(87 88 ))))(84 (83 (90 (45 ((49 (8 (4 (50 (((((((20 ((15 (2 (21 24 )))(32 (58 (3 (51 76 ))))))(46 (5 (7 (55 59 )))))(61 (12 ((57 ((65 (25 (64 (66 (72 ((6 (11 (14 67 )))(18 (9 (71 (53 (22 43 )))))))))))(62 (19 73 ))))(10 56 )))))(((16 ((33 (28 (29 37 )))(35 (79 (80 (47 77 ))))))(69 (68 70 )))((36 39 )(40 41 ))))(48 (34 (38 ((17 60 )(42 74 ))))))(26 (27 (52 81 ))))(54 (23 63 )))))))(30 (13 44 )))))))))(82 (75 78 ))))*
(0 ((85 ((1 89 )((84 86 )(87 88 ))))(75 (31 ((82 (76 ((51 (66 ((64 ((((((((((((((65 (27 ((24 (2 21 ))(15 52 ))))(26 50 ))(((20 (7 46 ))(56 57 ))(39 (62 (34 (28 67 ))))))(10 61 ))(81 (49 83 )))(54 59 ))(12 (55 (73 (74 (32 (((17 63 )(38 60 ))(42 (80 (47 (77 79 )))))))))))(5 23 ))(36 (40 41 )))((33 35 )(44 72 )))(29 37 ))(9 (22 (4 (11 14 )))))(8 (6 13 )))(18 (25 48 ))))((69 70 (68 (16 (30 (19 45 )))))(43 71 )))))(53 (3 58 )))))(78 90 ))))))*
(0 ((85 (((1 89 )(87 88 ))(86 (31 84 ))))(75 ((76 (47 ((((61 ((65 (54 (50 (26 (2 (27 (((23 (4 11 ))(81 (49 (83 90 ))))(52 (24 (15 21 ))))))))))(34 (33 35 ))))(8 ((((5 (3 58 ))(44 (13 (42 73 ))))(12 (59 (74 (38 (32 (17 60 )))))))(((10 (28 48 ))(18 25 ))(36 (40 41 ))))))(29 37 ))((((6 (9 (53 (14 22 ))))(79 (77 80 )))(64 72 ))((71 ((16 ((43 (20 ((7 (46 (55 63 )))((39 (70 (68 69 )))(56 57 )))))(19 (30 45 ))))(62 67 )))(51 66 ))))))(78 82 )))))*
(0 (85 (((19 (((6 ((22 (43 (53 ((9 (((76 (8 (37 ((((36 ((28 (48 (2 (26 (((62 (((10 ((1 89 )(25 (63 ((12 73 )((17 (32 42 ))(38 74 )))))))((21 52 )(65 ((61 (34 54 ))(51 (75 (78 82 )))))))(56 57 )))((7 46 )(20 (39 55 ))))(27 ((15 (5 23 ))(24 (59 81 )))))))))(40 41 )))(35 (69 (68 70 ))))(4 16 ))(29 (33 (50 (49 (77 (79 80 ))))))))))(72 (87 88 )))(64 (66 (67 71 )))))(18 (31 (47 60 )))))))(13 44 )))(11 14 ))(30 45 )))(3 58 ))(86 (84 (83 90 ))))))*
(0 (85 (((19 (((6 ((22 (43 (53 ((9 (((76 (8 (37 (((36 ((28 (48 (2 (26 (((62 (((10 ((1 89 )(25 (63 ((12 73 )((17 (32 42 ))(38 74 )))))))((21 52 )(65 ((61 (34 54 ))(51 (75 (78 82 )))))))(56 57 )))((7 46 )(20 (39 55 ))))(27 ((15 (5 23 ))(24 (59 81 )))))))))(40 41 )))(35 (69 (68 70 ))))(4 16 )(29 (33 (50 (49 (77 (79 80 ))))))))))(72 (87 88 )))(64 (66 (67 71 )))))(18 (31 (47 60 )))))))(13 44 )))(11 14 ))(30 45 )))(3 58 ))(86 (84 (83 90 ))))))*
(0 (85 (((19 (((6 ((22 (43 (53 ((9 (((76 (8 (37 (((36 ((28 (48 (2 (26 (((62 (((10 ((1 89 )(25 (63 ((12 73 )((17 (32 42 ))(38 74 )))))))((21 52 )(65 ((61 (34 54 ))(51 (75 (78 82 )))))))(56 57 )))((7 46 )(20 (39 55 ))))(27 ((15 (5 23 ))(24 (59 81 )))))))))(40 41 )))(35 (69 (68 70 ))))(4 16 )(29 (33 (50 (49 (77 (79 80 ))))))))))(72 (87 88 )))(64 (66 (67 71 )))))(18 (31 (47 60 )))))))(13 44 )))(11 14 ))(30 45 )))(3 58 ))(86 (84 (83 90 ))))))*
(0 ((85 (31 ((1 89 )((75 ((51 (76 (66 ((72 (((((48 (((2 (15 24 ))((((((65 (((50 (((23 (4 81 ))(54 63 ))(26 (27 52 ))))(35 (16 (33 (28 67 )))))(34 80 )))(56 57 ))(62 (43 (22 (11 14 )))))(55 (20 (7 46 ))))(5 42 ))(38 (32 (17 60 )))))(12 (25 (10 21 )))))(39 (59 (47 74 ))))(40 41 ))((64 (71 (9 18 )))(69 70 )))(61 (36 (29 37 )))))((((73 (53 (58 (3 13 ))))(6 19 ))(8 (90 (44 (30 45 )))))((49 68 )(83 (77 79 ))))))))(78 82 )))(87 88 )))))(84 86 )))*
(0 (85 (75 (3 (81 (15 ((((61 (23 (39 (((((56 (((1 73 )(12 (89 (11 (19 30 )))))(10 25 )))(62 (63 (17 (74 (38 (42 80 )))))))(57 65 ))(7 46 ))(5 55 )))))(54 (26 (((69 ((16 (4 (83 (49 (77 79 )))))(50 (28 (29 37 ))))(35 (47 60 )))(59 (70 ((8 (18 ((6 (22 (66 71 )))(9 ((64 (72 ((13 (84 90 ))(44 (14 45 )))))(43 67 ))))))(36 (41 (33 40 )))))))(34 48 )))))(27 (20 58 )))((2 24 )(32 (52 (21 (((31 53 )(68 (86 (87 88 ))))(82 (76 (51 78 )))))))))))))))*
(0 (85 (75 (78 (76 (51 (82 (32 (65 (61 (54 ((29 (((((37 (22 ((56 (57 ((1 (89 (86 (87 88 ))))((((48 (23 (((2 24 )(52 81 ))(15 21 ))))(10 18 ))(25 (62 (34 (38 (17 63 ))))))(((39 ((7 46 )(55 59 )))(26 (20 27 )))(12 (42 74 )))))))(5 11 ))))(43 ((9 (31 53 ))(64 (((73 (13 72 ))(44 ((14 45 )(19 30 ))))(84 (83 90 )))))))(36 (40 41 )))(69 (70 (49 (68 (3 58 ))))))(16 (50 (35 (80 (77 79 )))))))(((67 (60 (4 (28 33 ))))(47 (6 8 )))(66 71 ))))))))))))))*
(0 (85 (78 (75 (((16 (69 ((41 ((12 (2 (5 ((((24 ((34 (62 (((45 (82 (1 84 )))(51 76 ))(22 (38 (32 (74 (42 ((15 (80 (77 (49 79 ))))(47 60 ))))))))))(35 39 )))(21 23 ))(55 (90 (81 83 ))))((((3 58 )(7 46 ))(((29 ((66 (6 ((18 (8 (37 (4 11 ))))(9 (43 (64 (13 53 )))))))(68 70 )))((52 (59 71 ))(56 (57 65 ))))(54 (26 (27 50 )))))(20 (61 (48 (10 (25 (17 63 )))))))))))(28 36 )))(40 (72 ((67 (73 (14 44 )))(31 33 )))))))(19 30 ))((86 88 )(87 89 )))))))*
(0 (85 (78 (75 ((61 ((29 (((66 (((25 (((55 ((39 (62 (((1 47 )(34 42 ))(74 (60 ((15 (82 (22 35 )))(38 (80 (77 79 )))))))))(17 20 )))((2 24 )((7 46 )(32 (54 ((26 (27 (50 63 )))(52 81 )))))))(59 (12 73 ))))(18 (70 (((48 (8 ((((58 (3 (83 (90 (84 86 )))))(19 (6 (11 14 ))))(30 (45 49 )))(13 44 ))))(9 (72 (33 64 ))))((28 ((23 (5 (21 31 )))(65 (56 57 ))))(10 (36 (40 41 ))))))))(88 (87 89 ))))(68 69 ))(71 (16 (43 (53 67 ))))))(4 37 )))(51 76 ))))))*
(0 (85 (82 (31 (((48 (61 (64 ((8 (((((71 (((22 ((1 (87 (88 89 )))(47 (80 (77 79 )))))(72 (37 (29 (13 14 )))))(16 (33 ((17 42 )(20 46 ))))))(9 ((58 (53 (3 (51 76 ))))(19 (30 44 )))))(6 (66 (18 (40 (36 (11 (((21 ((27 (2 26 ))(24 (((((5 (12 (25 73 )))(23 (54 63 )))(32 (55 (59 74 ))))(7 (35 60 )))(57 ((15 38 )(65 (62 (69 (68 70 ))))))))))(52 81 ))(39 56 )))))))))(43 67 ))(10 41 )))(28 (4 50 ))))))(34 (45 49 )))(86 ((75 78 )(84 (83 90 )))))))))*
(0 (85 (82 (78 (75 (((6 (65 (11 (18 ((((71 (30 (((25 ((12 (1 (89 (87 88 ))))((63 (55 (20 (7 46 ))))(17 (((32 (42 73 ))(47 (60 (77 (79 80 )))))(38 74 ))))))(19 (22 (((3 58 )(5 23 ))(13 (14 44 ))))))((9 53 )(72 (33 ((29 (35 (16 37 )))(54 59 ))))))))(45 (43 ((10 (((2 15 24 36 (21 52 ))(27 81 ))((26 ((4 8 )(50 (34 61 ))))(28 (41 (40 48 ))))))((62 (39 49 ))(56 57 ))))))(70 (68 69 )))(64 ((31 86 )(84 (83 90 )))))))))(66 67 ))(51 76 )))))))*
(0 (85 (82 (78 (75 ((76 (53 (58 (68 (69 70 (((((9 ((((44 (((89 (1 84 ))(86 (87 88 )))(83 90 )))(((72 (37 (4 29 )))(33 64 ))(8 (13 (6 (11 14 ))))))(48 (12 (10 (((27 (2 (((15 (52 81 ))(21 24 ))(20 31 ))))(26 (((7 46 )(56 57 ))(39 62 ))))((28 (40 (5 36 41 )))(61 (((73 (32 ((42 (47 ((17 60 )(38 74 ))))(55 63 ))))(19 (65 (59 (23 50 )))))(54 (34 (79 (77 80 ))))))))))))(22 (35 49 ))))(18 25 ))(66 (16 67 )))(43 71 ))(30 45 )))))))(3 51 )))))))*
(0 (85 (82 (78 (76 (51 (25 (12 (((32 (46 (7 (((((37 (71 (9 (72 ((1 (89 (87 88 )))(13 73 ))))))(29 (3 58 )))(33 (16 35 )))((((36 (34 (2 15 (24 (28 (39 (48 (40 41 ))))))))(((52 ((4 81 )(23 (54 63 ))))(27 (26 50 )))(61 ((70 (69 (8 (66 ((18 (10 21 ))(64 (84 (31 (75 (86 (83 (45 90 ))))))))))))(49 68 )))))(65 (56 57 )))(5 (80 (77 79 )))))(20 (55 59 ))))))(42 (17 60 )))(53 (22 (43 ((6 (11 (14 (19 (30 44 )))))(67 (38 62 )))))))(47 74 )))))))))*
(0 (85 (86 (14 (30 (((44 ((72 (76 (35 (((50 ((61 (((21 (57 ((10 (39 (12 (89 (1 81 )))))(52 56 ))))((27 (2 26 ))(24 (15 (48 (5 23 ))))))(20 (7 46 ))))((25 (((((63 (17 42 )(47 60 ))(74 (38 55 )))(32 73 ))(51 65 ))(54 59 )))((34 62 )(75 (78 82 ))))))(49 (4 16 )))(29 (28 37 ))))))(87 88 )))(71 ((64 (((70 (18 (((((11 (3 58 ))(36 (40 41 )))(13 22 ))(8 43 ))((66 (6 (79 (77 80 ))))(33 67 )))))(68 69 ))(31 (84 (83 90 )))))(9 53 ))))(19 45 )))))))*
(0 (85 ((86 (14 (((66 (18 (((31 (28 ((2 ((5 ((12 (1 19 ))((17 (42 (((38 (77 80 ))(55 74 ))(47 60 ))))(73 (32 63 )))))(61 (10 ((39 (20 (46 (7 59 ))))(56 (57 (65 (21 ((15 24 )(27 (52 (23 81 )))))))))))))((54 (26 50 ))(49 (34 62 ))))))(36 (40 41 )))(8 (((3 13 )(16 (35 (58 (29 ((70 (68 69 ))(83 (84 (79 90 )))))))))(37 (33 (48 (25 ((51 (75 89 ))(76 (78 82 ))))))))))))(9 (22 (53 (6 (43 (11 67 )))))))(71 (72 (64 (44 (30 (4 45 )))))))))(87 88 ))))*
(0 (85 (86 (14 ((71 (9 (72 (64 ((66 (((((((28 (2 (26 (27 ((((24 (15 (21 (52 ((10 (12 (1 (89 (87 88 )))))(56 (57 (62 65 ))))))))(39 81 ))((38 (7 (46 63 )))(61 (34 (50 (36 (80 (77 79 ))))))))(20 (55 (59 (74 (17 (32 (42 (5 23 )))))))))))))(41 (40 (4 48 ))))(8 (49 ((68 (69 70 ))(78 (84 (83 90 )))))))(29 37 ))(33 (16 (35 54 ))))(25 ((82 (47 60 ))(76 (51 75 )))))(18 31 )))(67 (43 (11 22 ))))))))(((3 58 )((13 44 )(53 73 )))(30 (19 (6 45 )))))))))*
(0 (85 (86 (((1 89 )(84 (48 (((((50 ((2 (28 36 ))(33 (76 (31 (78 82 ))))))(27 (61 (12 ((57 ((65 (5 23 ))(38 (74 (((55 (17 63 ))(42 (32 73 )))((47 60 )(80 (77 79 ))))))))((56 (39 (20 (7 46 ))))(10 (81 (52 ((21 (15 24 ))(51 75 )))))))))))(26 34 ))((((((((9 ((44 ((((3 58 )(30 (45 (83 90 ))))(6 19 ))(11 14 )))(22 43 )))(72 ((71 (64 (4 (62 67 ))))(53 66 ))))(8 13 ))(18 25 ))(16 35 ))(29 37 ))(54 59 ))(40 41 )))(69 70 (49 68 ))))))(87 88 )))))*
(0 (85 (86 (31 ((89 (1 ((12 ((10 ((2 (15 ((20 27 )((21 24 )(52 81 )))))(23 48 )))(62 (25 (18 ((64 ((((72 ((8 (((3 58 )(83 (84 90 )))((49 (35 50 ))(79 (77 80 )))))((16 (4 33 ))(29 (37 (28 67 ))))))(6 66 ))(9 (43 (22 (11 14 )))))(((30 (19 (13 44 )))(45 71 ))(53 68 ))))(((36 (40 41 ))(47 60 ))(69 70 ))))))))((61 ((5 (42 73 ))(54 (65 (32 (51 ((75 76 )(78 82 ))))))))((39 (((7 46 )(34 (38 (17 63 ))))(26 (56 57 ))))(55 (59 74 )))))))(87 88 ))))))*
(0 (85 (86 (88 (87 ((4 ((((70 (((50 (((61 ((((1 89 )(55 73 ))(39 (12 24 )))(((5 65 )((10 (15 21 ))(56 57 )))((46 (7 59 ))(20 (74 (((17 38 )(80 (77 79 )))(32 42 ))))))))(27 (52 (81 (23 63 )))))(26 54 )))(8 (13 (30 (45 (90 (83 84 )))))))(18 (48 ((28 (33 (31 (40 (36 41 )))))(47 60 ))))))(29 37 ))(69 (16 (35 ((25 (62 (2 34 )))(82 (78 (76 (51 75 )))))))))(49 (68 (3 58 )))))(71 (64 (((9 (43 (53 (44 (14 (19 (6 11 )))))))(67 72 ))(22 66 ))))))))))*
(0 (85 (86 (88 (87 ((4 ((((70 (((50 (((61 ((((1 89 )(55 73 ))(39 (12 24 )))(((5 65 )((10 (15 21 ))(56 57 )))((46 (7 59 ))(20 (74 (((17 38 )(80 (77 79 )))(32 42 ))))))))(27 (52 (81 (23 63 )))))(26 54 )))(8 (13 (30 (45 (90 (83 84 )))))))(18 (48 ((28 (33 (31 (40 (36 41 )))))(47 60 ))))))(29 37 ))(69 (16 (35 ((25 (62 (2 34 )))(82 (78 (76 (51 75 )))))))))(49 (68 (3 58 )))))(71 (64 (((9 (43 (53 (44 (14 (19 (6 11 )))))))(67 72 ))(22 66 ))))))))))*
(0 (85 (86 (88 (87 (89 (1 (((72 (((((9 ((37 (8 ((48 (4 (33 (28 (2 ((15 (52 81 ))(21 (24 ((62 (34 (38 (63 (32 (17 60 ))))))(23 35 ))))))))))(10 (67 (18 25 ))))))(12 ((5 (36 (40 41 )))(39 ((20 56 )(59 (55 74 ))))))))((22 (13 ((6 (3 58 ))(11 14 ))))(16 43 )))((47 (42 73 ))(66 (53 (51 76 )))))(61 (29 ((50 (46 (7 ((54 (26 27 ))((57 65 )(70 (68 69 )))))))(49 (79 (77 80 )))))))(64 71 )))(44 (45 (19 30 ))))((75 (31 (78 82 )))(84 (83 90 )))))))))))*
(0 (85 (88 ((1 (((44 (((11 (64 ((31 (65 ((((15 (34 (39 (24 (2 (28 (36 (40 41 ))))))))((26 27 )(50 61 )))(56 57 ))(10 ((21 52 )(38 62 ))))))(18 (66 ((43 (6 8 ))(67 (75 78 ))))))))((4 48 )(((49 68 )(69 70 ))(81 83 ))))(45 (90 (84 86 )))))((19 (12 (73 ((63 (17 60 ))(74 (47 (32 42 )))))))(14 30 )))(72 (9 ((37 (((3 58 )((54 ((5 23 )(80 (77 79 ))))((20 (7 46 ))(55 59 ))))(29 (33 (16 35 )))))(71 (25 ((13 53 )(22 (82 (51 76 )))))))))))(87 89 )))))*
(0 (85 ((88 (87 (1 89 )))(86 (84 (90 (83 ((((8 (48 (81 (24 ((((26 (61 (27 (15 (2 36 )))))((55 ((7 46 )(20 54 )))(39 (40 41 ))))(34 (28 (4 (16 (35 (29 (37 (((9 (72 ((31 (45 (6 64 )))(14 (13 44 )))))(71 (18 (66 (53 (67 (43 (11 22 ))))))))((25 (62 (19 ((12 (21 (65 (52 (57 (10 56 ))))))((73 (63 (17 ((38 (74 (32 42 )))(60 (47 (77 (79 80 ))))))))(30 82 ))))))(51 (76 (75 78 )))))))))))))(5 23 ))))))((33 59 )(69 (68 70 ))))(49 50 ))(3 58 )))))))))*
(0 (((85 (88 (89 (1 87 ))))(84 86 ))(((19 (30 ((44 (13 (9 ((22 (((66 ((39 ((56 (57 (62 (38 ((24 ((27 ((15 (2 36 ))(21 (31 40 ))))(52 81 )))(26 (65 ((34 (61 (50 (4 28 ))))((5 23 )(54 (59 ((12 73 )(25 (35 82 ))))))))))))))(7 ((55 (63 (74 ((42 (17 47 ))(32 60 )))))(20 46 )))))(70 (68 69 ))))(11 18 ))(48 ((10 41 )(64 (43 67 ))))))((((6 8 )(79 (77 80 )))(33 72 ))(((16 71 )(29 37 ))(76 (51 (75 78 )))))))))(49 (45 (83 90 ))))))(3 58 ))(14 53 ))))*
(0 ((86 (14 (83 ((90 (44 (8 (49 ((64 (47 (((((((61 ((34 ((1 (((((5 (23 (21 (2 (24 (15 82 ))))))(35 (31 40 )))(55 (69 (39 62 ))))((25 (((7 59 )(65 (74 (38 (32 60 )))))(57 (56 (66 (18 (68 70 )))))))(63 (54 (26 (27 (52 81 )))))))(12 73 )))(78 (75 76 ))))((16 (28 67 ))((41 (33 72 ))(36 (84 (87 (89 (85 88 )))))))))(10 48 ))(46 (20 51 )))(17 42 ))(29 71 ))(43 (9 53 )))((13 (79 (77 80 )))(22 37 )))))(4 50 ))))))(30 45 )))))(19 ((3 58 )(6 11 )))))*
(0 (86 (68 ((((12 (62 (((((40 ((1 31 )((43 (9 64 ))(72 (67 (33 81 ))))))(55 (41 (5 (23 48 )))))(28 39 ))((((59 (70 ((54 (((4 16 )(29 (71 (65 (66 (32 (51 (76 (75 (88 (87 (85 89 ))))))))))))(34 (50 61 ))))((15 (36 82 ))(60 (80 (77 79 )))))))(26 (20 27 )))(7 (46 (42 (47 (17 63 ))))))(35 69 )))(((10 ((52 (21 (2 24 )))(18 25 )))(56 57 ))(74 (22 (11 37 )))))))(19 (38 (49 (3 58 )))))(30 (78 (6 8 ))))((73 (14 (13 53 )))(44 (45 (90 (83 84 )))))))))*
(0 (86 (85 (31 ((84 (1 89 ))((75 (((76 (67 ((53 (6 (13 (8 ((48 ((49 (59 (50 (26 (81 (27 (20 (((((2 24 )(39 (12 (19 62 ))))(7 46 ))(55 ((63 (17 38 ))(42 (32 ((47 60 )(73 74 )))))))((57 (56 (10 (52 (15 (21 (5 23 )))))))(61 (65 (34 54 ))))))))))))(28 (36 (40 41 )))))(43 (22 (11 14 ))))))))((9 (18 (64 ((44 ((90 (83 (3 58 )))(30 45 )))(70 (68 69 ))))))(((4 ((16 35 )(29 37 )))((33 72 )(79 (77 80 ))))(66 71 ))))))(25 51 ))(78 82 )))(87 88 )))))))*
(0 (86 (85 (88 (((1 84 )((64 (31 ((83 (((68 (69 70 (((27 (50 (26 (24 (28 (48 ((2 (15 21 ))(4 (33 (5 23 ))))))(((35 (22 (82 (51 76 ))))((42 (32 ((38 60 )(47 74 ))))(80 (77 79 ))))(34 62 ))))))(65 (61 (29 (54 59 )))))((57 (56 (52 ((((((12 (6 (8 (41 (40 (11 37 ))))))(75 81 ))(10 (18 25 )))(36 39 ))(66 71 ))(43 67 )))))(7 (46 (20 (55 (17 63 )))))))))(16 (19 30 )))(45 49 )))(78 90 ))))(72 (9 ((53 (3 58 ))(13 (73 (14 44 ))))))))(87 89 ))))))*
(0 (86 (85 (88 (87 (89 (1 ((12 ((73 (((76 (((29 (((61 ((((15 (2 24 ))(23 81 ))(5 (50 (34 (77 (79 80 ))))))(26 27 )))((40 41 )(54 59 )))(48 (49 (83 (3 58 ))))))((4 33 )(16 (35 ((36 (28 (39 (55 (20 (7 46 ))))))(69 (68 70 )))))))(72 (37 (8 (13 44 ))))))(((53 (22 (11 (14 (6 (19 (30 45 )))))))((9 64 )(71 ((((62 (17 63 ))(56 57 ))(43 67 ))(51 66 )))))(18 25 )))(78 (82 (75 (31 (84 90 )))))))(47 (74 (65 ((32 42 )(38 60 )))))))(10 (21 52 ))))))))))*
(0 ((86 (85 ((89 (1 84 ))(87 88 ))))(((30 ((44 (68 (49 ((((25 ((((5 (12 ((28 ((24 (15 (21 (2 31 ))))(34 62 )))((10 (56 (57 (26 (27 (52 81 ))))))(39 (36 (40 41 )))))))(((63 (17 60 ))(32 (42 47 )))(55 (38 74 ))))(20 (46 (7 59 ))))(22 48 )))(((8 (66 (67 (4 75 ))))((33 (72 (73 (53 (6 13 )))))(16 (79 (77 80 )))))(71 (((23 54 )(61 (50 65 )))((29 37 )(35 (51 (76 (78 82 )))))))))(64 (18 (9 43 ))))(69 70 )))))(45 (83 90 ))))(19 (11 14 )))(3 58 ))));
proc/;
