0 43.39218 
1 101.4 
2 82.33333 
3 59.66667 
4 69.33333 
5 66.09524 
6 65.61905 
7 64.66667 
8 64.4 
9 61.2 
10 60.93333 
11 52.33333 
12 51.33333 
13 52 
14 52.66667 
15 52.33333 
16 52.33333 
17 52.66667 
18 52.33333 
19 52.33333 
20 58.2 
21 57.2 
22 58.2 
23 44 
24 43 
25 43.66667 
26 42.33333 
27 43 
28 43.33333 
29 43.33333 
30 43.66667 
31 42.66667 
32 61 
33 69 
34 68.53333 
35 68.6 
36 68.8 
37 70 
38 68.8 
39 69.33333 
40 60.66667 
41 69 
42 68.8 
43 68.2 
44 68.8 
45 72.2 
46 67.86667 
47 72.26667 
48 67.4 
49 69.06667 
50 71 
51 69.46667 
52 70.38095 
53 62.77778 
54 69 
55 74.6 
56 69.2 
57 60.66667 
58 72.66667 
59 60.66667 
60 60.66667 
61 57.33333 
62 72 
63 62.44444 
64 69.80952 
65 68.53333 
66 66.42857 
67 60.66667 
68 72.53333 
69 72 
70 77.8 
