[1] "/home/rafael/Documents/tabanos/Dasybasis/2024/landmarks/2024/completos"
[1] "Stenotabanus_taeniotes.tps"

No curves detected; all points appear to be fixed landmarks.
, , Stenotabanus_taeniotes

           [,1]     [,2]
 [1,]  3.026340 6.471777
 [2,]  2.752705 7.046411
 [3,]  2.971613 7.347410
 [4,]  3.081068 7.675772
 [5,]  3.108431 7.922044
 [6,]  4.476607 7.621045
 [7,]  7.869684 8.359860
 [8,]  8.909498 8.469314
 [9,] 12.439392 8.332497
[10,] 13.506570 7.757863
[11,] 12.494119 5.842416
[12,] 11.563760 5.322509
[13,] 10.688127 4.994147
[14,]  9.839858 4.802602
[15,]  9.018952 4.611058
[16,]  7.158232 4.474240
[17,]  6.884597 4.720512
[18,]  5.981601 6.061324
[19,]  6.528871 6.307596
[20,]  6.583598 6.444414
[21,]  6.118419 6.936957
[22,]  8.416954 6.006597
[23,]  6.665689 7.073775
[24,]  6.227873 7.566318
[25,]  6.720416 7.292683
[26,]  8.936861 6.280233
[27,]  8.964225 6.471777
[28,] 10.441855 6.882230
[29,] 10.523946 7.183229
[30,] 10.332401 7.292683

xread
'File=DasybasisLandmarks-2024-9-16.tpslmDasybasis.tpslmDasybasisA.tpsStenotabanus_taeniotes.tpsunif_landmarks.tps. A landmark data set  2D converted by TPS2TNT' 1 1
&[ landmark 2D ]
Stenotabanus_taeniotes +3.02634,+6.47178 +2.75271,+7.04641 +2.97161,+7.34741 +3.08107,+7.67577 +3.10843,+7.92204 +4.47661,+7.62105 +7.86968,+8.35986 +8.9095,+8.46931 +12.43939,+8.3325 +13.50657,+7.75786 +12.49412,+5.84242 +11.56376,+5.32251 +10.68813,+4.99415 +9.83986,+4.8026 +9.01895,+4.61106 +7.15823,+4.47424 +6.8846,+4.72051 +5.9816,+6.06132 +6.52887,+6.3076 +6.5836,+6.44441 +6.11842,+6.93696 +8.41695,+6.0066 +6.66569,+7.07377 +6.22787,+7.56632 +6.72042,+7.29268 +8.93686,+6.28023 +8.96422,+6.47178 +10.44186,+6.88223 +10.52395,+7.18323 +10.3324,+7.29268 
;
proc/;