-0.274262,0.025547 -0.29922,-0.00355 -0.294189,-0.023094 -0.333931,-0.036774 -0.333586,-0.052828 -0.2259,-0.046204 0.00773,-0.096815 0.115459,-0.111987 0.299888,-0.111953 0.343427,-0.095494 0.270392,0.037108 0.242884,0.048508 0.191028,0.07462 0.131053,0.095104 0.075492,0.112597 -0.026546,0.126596 -0.050488,0.108099 -0.109104,0.034907 -0.077561,0.024671 -0.075936,0.017991 -0.117057,-0.011907 0.048216,0.043512 -0.07701,-0.018219 -0.103396,-0.048108 -0.073572,-0.036155 0.086833,0.019853 0.088635,0.0011 0.189099,-0.018132 0.194315,-0.029438 0.187306,-0.029555  
-0.274446,0.025659 -0.301058,-0.003735 -0.293023,-0.023243 -0.331505,-0.037014 -0.333371,-0.0567 -0.227456,-0.044658 0.018475,-0.099873 0.113655,-0.114271 0.298331,-0.11223 0.346125,-0.09549 0.269541,0.036218 0.242134,0.054534 0.192064,0.074868 0.129371,0.094679 0.073996,0.11229 -0.025936,0.128955 -0.054949,0.106142 -0.110573,0.035626 -0.077798,0.025064 -0.077528,0.018684 -0.115765,-0.010135 0.048079,0.044696 -0.07768,-0.018931 -0.103876,-0.047256 -0.073787,-0.034146 0.087577,0.01942 0.086645,0.001291 0.189471,-0.01874 0.194629,-0.030008 0.188655,-0.031695  
-0.27367,0.026159 -0.302074,-0.003783 -0.291726,-0.023304 -0.334959,-0.035833 -0.332,-0.052376 -0.228809,-0.046508 0.009452,-0.098488 0.110234,-0.112494 0.29743,-0.110693 0.344891,-0.095172 0.270741,0.036102 0.243855,0.050165 0.193243,0.074704 0.129478,0.096044 0.074882,0.110671 -0.027675,0.127744 -0.051867,0.108024 -0.110246,0.036502 -0.075087,0.024108 -0.074808,0.017715 -0.114571,-0.012276 0.049374,0.044241 -0.077822,-0.020762 -0.101026,-0.048389 -0.074958,-0.034402 0.087844,0.020581 0.08933,0.000555 0.189775,-0.017485 0.193357,-0.029824 0.187415,-0.031524  
-0.26973,-0.03765 -0.30303,-0.012917 -0.286124,0.016792 -0.275957,0.037197 -0.28246,0.048831 -0.197645,0.046863 0.008799,0.099726 0.079003,0.112219 0.271178,0.114335 0.331172,0.087331 0.264984,-0.048933 0.216178,-0.075061 0.176063,-0.08806 0.112326,-0.11041 0.070161,-0.121748 -0.026818,-0.107742 -0.052861,-0.079168 -0.093847,-0.037182 -0.061488,-0.019912 -0.060949,-0.007635 -0.093934,0.01539 0.046217,-0.033361 -0.053473,0.02314 -0.0577,0.037117 -0.084071,0.052853 0.076895,-0.016123 0.078566,0.001589 0.157926,0.018648 0.164304,0.041924 0.146316,0.041947  
-0.271231,-0.035753 -0.30443,-0.011094 -0.28915,0.016698 -0.275434,0.035733 -0.280232,0.04752 -0.195713,0.045629 0.008284,0.098369 0.079966,0.111076 0.27148,0.113338 0.331141,0.08812 0.263403,-0.046463 0.214929,-0.074283 0.176673,-0.0871 0.111444,-0.109642 0.069448,-0.120991 -0.027022,-0.108739 -0.051326,-0.080034 -0.094049,-0.036669 -0.060298,-0.017515 -0.061115,-0.008841 -0.092488,0.015995 0.0474,-0.034269 -0.055751,0.025096 -0.085365,0.051809 -0.053377,0.035892 0.076066,-0.015522 0.07942,0.002342 0.156775,0.019238 0.163299,0.04079 0.147256,0.039271  
-0.268443,-0.03695 -0.305463,-0.010527 -0.287509,0.016422 -0.275971,0.034469 -0.282353,0.04723 -0.194648,0.044349 0.008602,0.100337 0.080754,0.111119 0.27428,0.112408 0.329792,0.087991 0.263551,-0.045916 0.213794,-0.072843 0.175644,-0.086872 0.111635,-0.110178 0.0681,-0.121334 -0.031726,-0.101999 -0.053002,-0.077554 -0.093556,-0.039198 -0.061348,-0.019267 -0.060657,-0.009152 -0.091034,0.01795 0.048381,-0.034786 -0.055636,0.024988 -0.08561,0.050454 -0.055147,0.036788 0.07752,-0.016693 0.080588,0.002048 0.157854,0.020101 0.16594,0.039279 0.145666,0.037336  
-0.274541,-0.033128 -0.30508,-0.00092 -0.285618,0.025362 -0.277073,0.047201 -0.27869,0.062785 -0.16842,0.05025 0.008585,0.108218 0.084081,0.123822 0.270863,0.123227 0.325764,0.095135 0.25835,-0.02998 0.201552,-0.066552 0.150803,-0.080121 0.105281,-0.101712 0.059878,-0.119706 -0.044944,-0.136314 -0.057585,-0.119981 -0.101131,-0.050294 -0.068174,-0.035089 -0.064406,-0.019125 -0.085815,0.008793 0.039391,-0.041191 -0.057507,0.021792 -0.072285,0.055424 -0.051771,0.034607 0.073431,-0.018855 0.073768,-0.003018 0.178731,0.022427 0.186186,0.0371 0.17638,0.039843  
-0.299915,0.024477 -0.339931,0.001581 -0.315567,-0.021112 -0.298479,-0.037834 -0.304296,-0.050711 -0.208895,-0.043743 0.017645,-0.08026 0.083399,-0.087875 0.305764,-0.088644 0.358153,-0.075902 0.267744,0.026301 0.231743,0.04216 0.187893,0.0636 0.12866,0.083484 0.079795,0.096984 -0.028492,0.112289 -0.042791,0.104025 -0.111549,0.032137 -0.07262,0.022288 -0.070019,0.014773 -0.108163,-0.009547 0.048373,0.03041 -0.063223,-0.019219 -0.090235,-0.042966 -0.060893,-0.026352 0.088001,0.011908 0.089985,0.003033 0.17901,-0.019049 0.182538,-0.030945 0.166366,-0.03529  
-0.298918,0.024228 -0.338244,-0.000956 -0.315856,-0.020883 -0.300957,-0.036002 -0.306083,-0.051303 -0.21149,-0.042102 0.015376,-0.081476 0.083324,-0.089629 0.304051,-0.091885 0.357486,-0.073611 0.266028,0.026242 0.23262,0.042822 0.188889,0.064267 0.12958,0.083053 0.081958,0.096398 -0.026876,0.114393 -0.042976,0.102981 -0.111891,0.031605 -0.07148,0.023791 -0.071832,0.013291 -0.106366,-0.010298 0.047842,0.029497 -0.06318,-0.016175 -0.090461,-0.040885 -0.056929,-0.027553 0.087983,0.014425 0.089718,0.004451 0.180442,-0.020448 0.181635,-0.031872 0.166604,-0.036369  
-0.299155,0.022714 -0.338129,-4.5e-05 -0.315505,-0.020374 -0.299342,-0.037402 -0.304089,-0.050937 -0.208765,-0.040544 0.01846,-0.080624 0.084275,-0.088403 0.306079,-0.089786 0.359628,-0.074931 0.267582,0.025661 0.232263,0.044278 0.187269,0.062993 0.129112,0.083347 0.079649,0.096715 -0.027961,0.114325 -0.043766,0.102326 -0.110815,0.031874 -0.071901,0.023326 -0.070915,0.014181 -0.108061,-0.009946 0.047389,0.030359 -0.065542,-0.017942 -0.09127,-0.043955 -0.061324,-0.026209 0.088046,0.01337 0.089526,0.002765 0.179826,-0.020337 0.181217,-0.030152 0.166221,-0.036648  
-0.274939,-0.041817 -0.310732,-0.006299 -0.294425,0.019207 -0.277049,0.042442 -0.281088,0.058154 -0.184881,0.050542 0.021049,0.107084 0.077328,0.116651 0.273584,0.110945 0.31702,0.084259 0.245245,-0.032844 0.20997,-0.059059 0.164756,-0.079396 0.10527,-0.098413 0.05811,-0.115233 -0.029545,-0.130135 -0.052378,-0.108879 -0.107121,-0.038603 -0.067621,-0.02303 -0.064763,-0.017443 -0.093368,0.013061 0.044881,-0.041688 -0.044585,0.026451 -0.067529,0.054155 -0.045219,0.037724 0.080508,-0.017956 0.085516,-0.003154 0.17862,0.021578 0.185989,0.030467 0.147396,0.04123  
-0.277093,-0.038024 -0.312983,-0.007598 -0.293178,0.020776 -0.278963,0.037116 -0.282673,0.050036 -0.192271,0.049386 0.023834,0.099394 0.069285,0.106529 0.275271,0.103915 0.322015,0.082881 0.242572,-0.032058 0.205752,-0.056207 0.164335,-0.076231 0.110609,-0.097301 0.055932,-0.112374 -0.031321,-0.123589 -0.043821,-0.111049 -0.099181,-0.03112 -0.063547,-0.020779 -0.05943,-0.016251 -0.094969,0.019136 0.046568,-0.038665 -0.046697,0.02814 -0.069206,0.053694 -0.04607,0.038173 0.080447,-0.018783 0.082615,0.002613 0.179318,0.020627 0.185423,0.027995 0.147429,0.039619  
-0.274224,-0.032896 -0.299666,-0.008993 -0.285727,0.021497 -0.273743,0.039886 -0.274729,0.056819 -0.180333,0.053738 0.013809,0.101558 0.066749,0.11238 0.282013,0.11314 0.329189,0.08724 0.256686,-0.031907 0.211796,-0.059635 0.16318,-0.082813 0.112974,-0.09974 0.066444,-0.11454 -0.03585,-0.131622 -0.052699,-0.115333 -0.105216,-0.032545 -0.068285,-0.023577 -0.06552,-0.017688 -0.096483,0.014195 0.044885,-0.038544 -0.055383,0.022681 -0.085913,0.053313 -0.051958,0.037892 0.081471,-0.015205 0.080144,-0.002245 0.170238,0.021574 0.179075,0.030055 0.147076,0.041317  
-0.296531,0.035667 -0.341127,0.010208 -0.316205,-0.020726 -0.312368,-0.041205 -0.315601,-0.058586 -0.202544,-0.048185 0.007663,-0.102322 0.077057,-0.10984 0.306219,-0.109409 0.361247,-0.080873 0.274638,0.030723 0.230192,0.057864 0.183642,0.077594 0.130058,0.095495 0.082201,0.110488 -0.024854,0.130535 -0.042479,0.116389 -0.102207,0.036901 -0.069399,0.022673 -0.066218,0.016123 -0.108685,-0.014883 0.052419,0.03483 -0.067437,-0.022418 -0.092203,-0.055995 -0.059235,-0.038816 0.08697,0.014161 0.08797,0.003078 0.182941,-0.022979 0.189102,-0.02976 0.164775,-0.036732  
-0.27006,-0.041346 -0.304374,-0.000691 -0.291217,0.024898 -0.277712,0.050614 -0.283193,0.065604 -0.186622,0.052856 0.014471,0.112018 0.07912,0.127643 0.261571,0.119322 0.30865,0.102254 0.251977,-0.042966 0.211743,-0.067884 0.170456,-0.088091 0.110355,-0.111058 0.069203,-0.123301 -0.016225,-0.138787 -0.04517,-0.116406 -0.099984,-0.048284 -0.069597,-0.031343 -0.066756,-0.018341 -0.091745,0.012884 0.047193,-0.045914 -0.052837,0.026403 -0.085463,0.059498 -0.054571,0.038809 0.080171,-0.025292 0.084394,-0.001069 0.167642,0.023688 0.174703,0.040478 0.163874,0.043806  
-0.297426,0.020402 -0.332528,0.00235 -0.310174,-0.019539 -0.299498,-0.039101 -0.30526,-0.048283 -0.217447,-0.038118 0.00048,-0.079632 0.054769,-0.086832 0.281546,-0.092188 0.338249,-0.079477 0.286529,0.02283 0.252231,0.03748 0.203479,0.06274 0.13223,0.086973 0.079799,0.098872 -0.027167,0.11048 -0.052836,0.091257 -0.113363,0.03782 -0.071728,0.025915 -0.067026,0.017497 -0.10678,-0.006935 0.05445,0.03444 -0.06253,-0.019244 -0.09315,-0.042215 -0.064043,-0.027653 0.094037,0.012132 0.096328,0.000649 0.184571,-0.020301 0.189876,-0.028292 0.172383,-0.03403  
-0.295071,0.026124 -0.333736,0.000941 -0.310484,-0.020026 -0.300602,-0.038887 -0.304292,-0.048257 -0.215562,-0.040072 0.001285,-0.08144 0.060512,-0.090194 0.2821,-0.090265 0.338801,-0.078972 0.28729,0.022387 0.252398,0.038185 0.201907,0.063257 0.13002,0.085701 0.07898,0.097559 -0.026068,0.109681 -0.056071,0.091051 -0.114516,0.037314 -0.070639,0.0261 -0.068999,0.016932 -0.108168,-0.00938 0.05502,0.034804 -0.06398,-0.018064 -0.092384,-0.041973 -0.062791,-0.028099 0.094652,0.01246 0.094663,0.003162 0.184371,-0.018887 0.190349,-0.028171 0.171017,-0.032969  
-0.29471,0.027442 -0.331209,0.002174 -0.313326,-0.019607 -0.299912,-0.039118 -0.305535,-0.0518 -0.216694,-0.03938 0.00225,-0.081253 0.066147,-0.090903 0.281575,-0.092056 0.33934,-0.076607 0.28637,0.023593 0.251995,0.039047 0.202093,0.062865 0.129801,0.086525 0.078446,0.098944 -0.027744,0.108574 -0.055286,0.090484 -0.114972,0.037214 -0.070885,0.026815 -0.067812,0.016682 -0.107403,-0.008071 0.055109,0.034672 -0.064796,-0.018227 -0.093113,-0.041721 -0.063333,-0.027786 0.094834,0.013571 0.095785,0.000552 0.184405,-0.019649 0.189423,-0.029546 0.169156,-0.033432  
-0.274656,-0.029922 -0.301153,-0.006698 -0.282493,0.023896 -0.270203,0.042007 -0.271943,0.053675 -0.208097,0.050263 0.030466,0.10386 0.068602,0.110483 0.279986,0.114156 0.322594,0.094701 0.252743,-0.041958 0.217677,-0.063136 0.174812,-0.08233 0.105364,-0.102296 0.068057,-0.110367 -0.040538,-0.123853 -0.051979,-0.109099 -0.104387,-0.030457 -0.067263,-0.025218 -0.063688,-0.018732 -0.096552,0.009391 0.050332,-0.041607 -0.058386,0.019084 -0.078354,0.050427 -0.054822,0.035815 0.088129,-0.020131 0.090671,-0.006365 0.170005,0.025067 0.174314,0.037522 0.130763,0.041821  
-0.27283,-0.030924 -0.308197,-0.000574 -0.28464,0.026729 -0.273707,0.047613 -0.270746,0.062709 -0.191257,0.04719 0.009396,0.097532 0.079854,0.111036 0.273818,0.113452 0.32061,0.095134 0.251828,-0.037228 0.21817,-0.059058 0.172904,-0.081306 0.119198,-0.099255 0.068625,-0.116545 -0.027979,-0.13731 -0.047583,-0.118926 -0.106634,-0.038942 -0.071669,-0.02569 -0.06887,-0.016459 -0.096437,0.010946 0.049154,-0.042731 -0.056602,0.022132 -0.078597,0.051887 -0.055469,0.032571 0.083826,-0.019382 0.085618,-0.004452 0.16279,0.026026 0.167744,0.039966 0.147682,0.043858  
-0.299357,0.022675 -0.328511,0.004149 -0.314087,-0.0175 -0.300403,-0.032535 -0.305446,-0.040449 -0.219699,-0.039197 0.013587,-0.077563 0.064624,-0.08406 0.295059,-0.090776 0.345829,-0.077226 0.277318,0.032765 0.240876,0.048838 0.195069,0.0646 0.127371,0.08231 0.080695,0.092444 -0.029862,0.102337 -0.045598,0.08821 -0.106801,0.028007 -0.070806,0.019314 -0.069328,0.011272 -0.108209,-0.009247 0.058557,0.030312 -0.065675,-0.016489 -0.094897,-0.041119 -0.062865,-0.029583 0.096984,0.01441 0.098617,0.002064 0.1853,-0.021047 0.189604,-0.030374 0.152052,-0.036539  
-0.269062,-0.033984 -0.305368,-0.007594 -0.286649,0.023089 -0.267677,0.046369 -0.27277,0.057884 -0.19358,0.052336 0.019379,0.103199 0.111078,0.123083 0.275993,0.114824 0.330101,0.094532 0.242749,-0.04293 0.207961,-0.062687 0.167964,-0.080108 0.105657,-0.102772 0.063493,-0.11735 -0.028656,-0.137112 -0.045891,-0.12002 -0.100215,-0.036887 -0.071162,-0.028926 -0.068408,-0.017717 -0.100411,0.01088 0.040778,-0.042663 -0.059647,0.022277 -0.085987,0.054793 -0.05915,0.037701 0.077597,-0.018138 0.077849,-0.001147 0.171471,0.023693 0.17678,0.038407 0.145783,0.046966  
-0.298274,0.029701 -0.339185,0.00049 -0.320697,-0.019763 -0.308465,-0.035465 -0.310875,-0.048756 -0.211856,-0.041934 0.020357,-0.082632 0.087116,-0.093045 0.286338,-0.090819 0.345386,-0.077447 0.275648,0.02474 0.234418,0.047403 0.188315,0.065695 0.134948,0.081037 0.082211,0.095346 -0.028491,0.109163 -0.04351,0.096538 -0.105078,0.030585 -0.068739,0.0223 -0.063944,0.014469 -0.099272,-0.008635 0.0499,0.031221 -0.064008,-0.016643 -0.094853,-0.042712 -0.060322,-0.028629 0.089359,0.015122 0.090215,0.000709 0.18186,-0.01971 0.183646,-0.027618 0.167852,-0.030711  
-0.297116,0.028665 -0.343361,-0.001466 -0.320003,-0.019355 -0.309149,-0.034949 -0.309265,-0.047522 -0.214782,-0.040787 0.019025,-0.083031 0.085777,-0.092945 0.286143,-0.091719 0.343511,-0.076248 0.276249,0.025123 0.234951,0.045901 0.188037,0.064838 0.134962,0.080656 0.081361,0.095687 -0.029452,0.10831 -0.042834,0.099004 -0.103912,0.028776 -0.0682,0.023764 -0.062621,0.014536 -0.098245,-0.008192 0.0502,0.0304 -0.062014,-0.016736 -0.093421,-0.043593 -0.059635,-0.028525 0.088693,0.016415 0.091596,0.001567 0.1817,-0.019488 0.184268,-0.028747 0.167539,-0.030339  
-0.295767,0.028361 -0.341848,-0.000575 -0.321033,-0.019189 -0.306834,-0.035494 -0.311496,-0.047169 -0.217031,-0.040588 0.019072,-0.08258 0.083514,-0.092158 0.286062,-0.091716 0.344581,-0.07656 0.276249,0.024079 0.235246,0.046068 0.187267,0.065321 0.134257,0.081235 0.082743,0.094781 -0.0289,0.108956 -0.042526,0.098534 -0.103305,0.030631 -0.064914,0.021486 -0.06455,0.015635 -0.099545,-0.009533 0.049168,0.029966 -0.061997,-0.017237 -0.093235,-0.042925 -0.059648,-0.029038 0.08874,0.01568 0.091605,0.000817 0.180717,-0.019045 0.184615,-0.02741 0.168791,-0.030333  
-0.272081,-0.032768 -0.29711,-0.005865 -0.288041,0.02485 -0.274353,0.047813 -0.27808,0.060466 -0.183265,0.054142 0.024484,0.106486 0.101559,0.120851 0.269926,0.120594 0.323182,0.101462 0.257128,-0.031395 0.203356,-0.065355 0.159435,-0.083014 0.108385,-0.104698 0.070285,-0.115397 -0.036685,-0.134696 -0.056248,-0.117445 -0.106497,-0.04053 -0.067703,-0.029566 -0.065992,-0.021878 -0.091815,0.010609 0.040986,-0.042377 -0.058592,0.021981 -0.08386,0.053061 -0.057885,0.035335 0.069739,-0.022889 0.072525,-0.004755 0.171031,0.026353 0.175909,0.033203 0.170276,0.035423  
-0.272544,-0.033118 -0.296457,-0.004403 -0.290134,0.025975 -0.276342,0.04903 -0.280066,0.061749 -0.179919,0.051755 0.021515,0.104252 0.091927,0.117375 0.270807,0.118544 0.323543,0.103456 0.257007,-0.029962 0.203174,-0.065417 0.159281,-0.084502 0.110562,-0.104333 0.072537,-0.116433 -0.035161,-0.134261 -0.053138,-0.118061 -0.106285,-0.041167 -0.06614,-0.028565 -0.063004,-0.020603 -0.090283,0.011845 0.041576,-0.041842 -0.059483,0.021338 -0.083402,0.05285 -0.058752,0.034758 0.069066,-0.02254 0.073061,-0.002677 0.170877,0.026794 0.174381,0.033427 0.171795,0.034737  
-0.273297,-0.032186 -0.297706,-0.00357 -0.291004,0.024699 -0.275571,0.048184 -0.278072,0.062101 -0.17926,0.053857 0.020069,0.105308 0.09005,0.117012 0.27138,0.119592 0.324133,0.100979 0.257545,-0.03094 0.202761,-0.064799 0.158932,-0.082554 0.109972,-0.10366 0.072515,-0.115026 -0.03627,-0.134469 -0.052212,-0.120191 -0.10649,-0.040852 -0.067246,-0.029038 -0.063032,-0.023024 -0.089152,0.009086 0.041278,-0.042215 -0.057503,0.022071 -0.081865,0.053147 -0.059555,0.034732 0.068949,-0.022024 0.072025,-0.002011 0.172226,0.026455 0.176568,0.032546 0.169831,0.036787  
-0.272586,-0.032168 -0.301507,-0.001694 -0.289646,0.025833 -0.272131,0.048414 -0.276074,0.062967 -0.179644,0.055181 0.022307,0.106365 0.090516,0.118505 0.269316,0.123158 0.320995,0.103806 0.259725,-0.029849 0.204039,-0.065777 0.158936,-0.086435 0.106937,-0.105159 0.069132,-0.117019 -0.037016,-0.136545 -0.053443,-0.122391 -0.107394,-0.042887 -0.068646,-0.032215 -0.065347,-0.02406 -0.090453,0.011441 0.042568,-0.040827 -0.057216,0.021154 -0.082975,0.053522 -0.056337,0.034938 0.071277,-0.022684 0.074355,-0.003987 0.172118,0.026377 0.176999,0.034846 0.171197,0.037193  
-0.273864,-0.035109 -0.304912,-0.014378 -0.285893,0.019353 -0.270734,0.039076 -0.278492,0.054503 -0.187905,0.050647 0.022961,0.115354 0.055642,0.118978 0.268406,0.113739 0.319189,0.095134 0.244158,-0.033115 0.217866,-0.072566 0.163267,-0.092294 0.106485,-0.109844 0.065146,-0.124909 -0.047538,-0.124033 -0.060349,-0.111065 -0.098732,-0.03483 -0.064389,-0.025287 -0.059914,-0.0162 -0.097332,0.014824 0.043324,-0.037026 -0.050675,0.02861 -0.073943,0.056433 -0.049605,0.040868 0.075625,-0.013406 0.078268,0.003243 0.179485,0.020839 0.188422,0.033658 0.176032,0.038802  
-0.275211,-0.031116 -0.307923,-0.01619 -0.286059,0.015863 -0.272843,0.035763 -0.275708,0.049771 -0.189079,0.048132 0.023829,0.107165 0.069386,0.117345 0.271091,0.111982 0.322117,0.092849 0.243714,-0.031447 0.214835,-0.075001 0.160935,-0.087052 0.102705,-0.105158 0.062311,-0.119642 -0.050335,-0.114268 -0.062609,-0.100771 -0.100366,-0.029939 -0.062376,-0.025017 -0.05778,-0.014833 -0.097229,0.014464 0.043799,-0.035989 -0.055047,0.02542 -0.050713,0.039845 -0.073397,0.052027 0.076779,-0.012331 0.077323,0.004999 0.182037,0.017845 0.18873,0.031087 0.177084,0.034196  
-0.302073,0.034435 -0.347532,0.009478 -0.32007,-0.019526 -0.308115,-0.040608 -0.314787,-0.057305 -0.214407,-0.050727 0.00645,-0.098303 0.063131,-0.105784 0.297379,-0.107805 0.350944,-0.087946 0.274987,0.033557 0.234869,0.057628 0.189774,0.075671 0.129203,0.094972 0.075381,0.107877 -0.029375,0.121887 -0.048419,0.108668 -0.103183,0.035724 -0.063896,0.023918 -0.057786,0.017559 -0.100963,-0.012048 0.048069,0.037399 -0.056511,-0.023348 -0.083123,-0.05313 -0.049032,-0.036948 0.09168,0.018036 0.093604,0.005743 0.184255,-0.01984 0.191057,-0.031821 0.168487,-0.037414  
-0.271875,-0.037763 -0.312546,-0.005589 -0.294029,0.024838 -0.278234,0.050574 -0.27929,0.06484 -0.187508,0.052625 0.013243,0.110299 0.076636,0.117932 0.267159,0.114763 0.320765,0.093338 0.249995,-0.033732 0.210269,-0.059091 0.168715,-0.083219 0.1148,-0.10368 0.067331,-0.118703 -0.027051,-0.13573 -0.045828,-0.12012 -0.101961,-0.041451 -0.061392,-0.030353 -0.06019,-0.020062 -0.09223,0.012133 0.042673,-0.043479 -0.04871,0.023682 -0.076388,0.056579 -0.045215,0.037258 0.08279,-0.020957 0.081881,-0.00664 0.166574,0.023168 0.171791,0.035585 0.147826,0.042957  
-0.291272,0.014896 -0.342086,0.002519 -0.320078,-0.018647 -0.301459,-0.031881 -0.305795,-0.046768 -0.202888,-0.036634 0.021054,-0.080738 0.082349,-0.088508 0.304111,-0.088595 0.351091,-0.075523 0.266895,0.030985 0.228734,0.045514 0.185535,0.061383 0.127397,0.078783 0.078793,0.090025 -0.024261,0.105522 -0.037181,0.095162 -0.108443,0.026663 -0.075808,0.019763 -0.071341,0.01424 -0.110425,-0.007023 0.050723,0.034524 -0.068346,-0.015248 -0.093112,-0.03963 -0.063795,-0.026519 0.088161,0.019373 0.089212,0.000653 0.180575,-0.021113 0.187479,-0.030134 0.174181,-0.033044  
-0.27407,-0.039828 -0.310696,-0.007511 -0.280989,0.020999 -0.278424,0.044633 -0.282774,0.056463 -0.187734,0.04804 0.011495,0.106398 0.093249,0.119675 0.268981,0.105196 0.308752,0.063911 0.253283,-0.030063 0.217577,-0.057936 0.170313,-0.081771 0.123534,-0.102803 0.08134,-0.115031 -0.018736,-0.123874 -0.040036,-0.110148 -0.1012,-0.039758 -0.067694,-0.02723 -0.064668,-0.018581 -0.098686,0.015405 0.040967,-0.039405 -0.062147,0.026933 -0.088069,0.052505 -0.05933,0.036967 0.074428,-0.015955 0.077704,0.000964 0.1655,0.027295 0.170932,0.039004 0.157194,0.045506  
-0.27662,-0.043238 -0.307926,-0.009054 -0.281358,0.021606 -0.278633,0.043806 -0.28181,0.057071 -0.192751,0.049295 0.015114,0.104575 0.093453,0.120063 0.268507,0.102963 0.310496,0.063521 0.252695,-0.030316 0.217013,-0.056727 0.171497,-0.081585 0.123497,-0.101358 0.080228,-0.11369 -0.016473,-0.123434 -0.044948,-0.105354 -0.098642,-0.038384 -0.069456,-0.025123 -0.064951,-0.017665 -0.098426,0.013529 0.042889,-0.039388 -0.060947,0.026486 -0.085396,0.052111 -0.060781,0.036123 0.074845,-0.016231 0.078283,-0.000715 0.165419,0.026788 0.169505,0.038266 0.15568,0.04606  
-0.276322,-0.042341 -0.308238,-0.008567 -0.281286,0.021408 -0.277858,0.044592 -0.282365,0.059167 -0.19021,0.047043 0.014255,0.107371 0.09969,0.119724 0.268503,0.106054 0.308416,0.063458 0.252897,-0.028828 0.217934,-0.05854 0.170598,-0.081027 0.122765,-0.103537 0.08008,-0.115321 -0.016104,-0.124024 -0.045133,-0.106396 -0.100632,-0.040108 -0.067538,-0.02577 -0.064588,-0.019009 -0.100032,0.014278 0.042132,-0.040701 -0.060143,0.025736 -0.088427,0.053718 -0.060151,0.035897 0.07396,-0.016454 0.076812,0.000377 0.165127,0.026897 0.16982,0.040145 0.156038,0.044755  
-0.297253,0.032687 -0.338499,0.003286 -0.307473,-0.021996 -0.30354,-0.037648 -0.306965,-0.047664 -0.213265,-0.040218 0.011956,-0.081355 0.075218,-0.086235 0.299226,-0.089039 0.354289,-0.070819 0.271276,0.029109 0.235847,0.043819 0.186208,0.062161 0.128098,0.075072 0.073362,0.089968 -0.027557,0.102669 -0.044662,0.094106 -0.10627,0.028421 -0.071445,0.022888 -0.070752,0.015619 -0.103354,-0.008874 0.044021,0.03297 -0.061843,-0.017629 -0.088194,-0.041609 -0.058482,-0.029677 0.083125,0.014703 0.086401,0.002004 0.182779,-0.019058 0.188578,-0.027694 0.179171,-0.029969  
-0.294392,0.03131 -0.338684,0.002955 -0.310271,-0.020205 -0.304401,-0.036273 -0.304919,-0.049102 -0.211702,-0.039556 0.011953,-0.079711 0.0774,-0.085999 0.299492,-0.088827 0.354995,-0.071538 0.270621,0.02811 0.235591,0.04341 0.186412,0.062623 0.128825,0.07769 0.073934,0.090034 -0.029323,0.102438 -0.046996,0.091817 -0.107339,0.030311 -0.070512,0.022672 -0.070004,0.015394 -0.103379,-0.009739 0.044348,0.033337 -0.0621,-0.019205 -0.090208,-0.042587 -0.058859,-0.030159 0.082991,0.014383 0.08846,0.002431 0.182126,-0.018786 0.186707,-0.026187 0.179236,-0.03104  
-0.276278,-0.035956 -0.306791,-0.001021 -0.281819,0.026459 -0.271939,0.05038 -0.273602,0.067455 -0.188645,0.052175 0.018164,0.106732 0.105017,0.124038 0.267053,0.119127 0.319125,0.098628 0.246101,-0.031805 0.213746,-0.0555 0.170593,-0.081912 0.110832,-0.107282 0.06338,-0.123255 -0.039956,-0.141804 -0.051408,-0.1286 -0.108256,-0.040946 -0.072624,-0.031575 -0.066547,-0.023105 -0.092953,0.01003 0.043619,-0.044488 -0.053874,0.022304 -0.077384,0.054628 -0.053713,0.037186 0.07993,-0.023903 0.084062,-0.003418 0.17035,0.026055 0.172643,0.036404 0.151173,0.042972  
-0.274651,-0.035376 -0.306899,-0.000327 -0.280739,0.025148 -0.274107,0.051503 -0.273573,0.063703 -0.188393,0.051427 0.015473,0.108178 0.101308,0.124166 0.267124,0.118708 0.317454,0.098337 0.246606,-0.032682 0.214231,-0.056415 0.170254,-0.083066 0.112265,-0.107961 0.065167,-0.124454 -0.039541,-0.14195 -0.047362,-0.130954 -0.1078,-0.039197 -0.07318,-0.031066 -0.067908,-0.022178 -0.093206,0.011335 0.043647,-0.045061 -0.053822,0.024062 -0.077299,0.056495 -0.0547,0.038581 0.078811,-0.023603 0.083487,-0.002865 0.170119,0.025129 0.173857,0.036444 0.153374,0.04394  
-0.274083,-0.033315 -0.310953,-0.004166 -0.281182,0.024094 -0.271642,0.050413 -0.272912,0.065151 -0.187037,0.052325 0.017386,0.108771 0.100841,0.125457 0.26822,0.118781 0.317984,0.097821 0.247282,-0.033567 0.213484,-0.056277 0.170052,-0.08151 0.110176,-0.106868 0.062637,-0.122824 -0.037319,-0.140741 -0.050954,-0.129068 -0.110171,-0.041593 -0.072299,-0.030677 -0.067388,-0.022388 -0.092616,0.011016 0.044297,-0.044902 -0.053657,0.024458 -0.078543,0.057852 -0.051919,0.037186 0.080682,-0.024316 0.083657,-0.003991 0.170291,0.024269 0.173402,0.03719 0.152284,0.041421  
-0.288073,0.025556 -0.312046,-0.005875 -0.312646,-0.014494 -0.313674,-0.031373 -0.320698,-0.045075 -0.21157,-0.043344 0.009697,-0.101955 0.088603,-0.115893 0.30226,-0.110431 0.353944,-0.085154 0.273149,0.0375 0.239378,0.057781 0.192171,0.079046 0.134433,0.096146 0.085383,0.109611 -0.023651,0.116044 -0.037081,0.107314 -0.113709,0.029524 -0.081129,0.021344 -0.078782,0.017275 -0.114664,-0.011226 0.047469,0.037232 -0.073106,-0.020824 -0.098315,-0.049524 -0.068276,-0.034971 0.082952,0.020563 0.083636,0.00733 0.175217,-0.025728 0.179089,-0.031232 0.20004,-0.035167  
-0.303943,0.025939 -0.336848,0.00389 -0.31243,-0.021377 -0.30751,-0.035305 -0.309074,-0.051528 -0.214084,-0.048329 0.00759,-0.09195 0.061674,-0.10071 0.299489,-0.114443 0.357018,-0.090021 0.283576,0.031599 0.241867,0.057894 0.193201,0.078827 0.129512,0.09643 0.079054,0.108774 -0.026035,0.126408 -0.040968,0.110528 -0.109844,0.031116 -0.074294,0.019411 -0.072179,0.014383 -0.105686,-0.014081 0.051189,0.039648 -0.056868,-0.021087 -0.088413,-0.05102 -0.053715,-0.036596 0.090919,0.019886 0.092932,0.006088 0.174533,-0.025153 0.180703,-0.031864 0.168635,-0.037359  
-0.296618,0.033046 -0.337112,0.003289 -0.31613,-0.019558 -0.308815,-0.038004 -0.31542,-0.049245 -0.208651,-0.051954 0.021255,-0.099016 0.074143,-0.110863 0.300905,-0.105689 0.355801,-0.079195 0.279019,0.034978 0.236944,0.058944 0.189249,0.078895 0.131614,0.095178 0.069599,0.111596 -0.039512,0.12221 -0.056243,0.107298 -0.114263,0.03412 -0.073845,0.024097 -0.070957,0.017553 -0.103544,-0.013607 0.050683,0.036919 -0.054785,-0.025122 -0.079009,-0.051143 -0.050133,-0.035748 0.088873,0.014656 0.091511,0.000712 0.179099,-0.024175 0.188449,-0.033009 0.167892,-0.037162  
-0.304644,0.025257 -0.336576,0.005411 -0.3063,-0.019187 -0.309223,-0.035638 -0.313704,-0.0439 -0.207324,-0.042554 0.005819,-0.083021 0.053421,-0.089294 0.293225,-0.105174 0.349326,-0.086949 0.277903,0.032456 0.243741,0.05039 0.192147,0.069413 0.126876,0.086003 0.072814,0.100955 -0.029033,0.103333 -0.047571,0.091475 -0.102992,0.024607 -0.072299,0.01513 -0.070415,0.011607 -0.102078,-0.008223 0.055533,0.033269 -0.05361,-0.016249 -0.087286,-0.043978 -0.052401,-0.029127 0.090091,0.01859 0.089171,0.007519 0.187834,-0.015912 0.193781,-0.02484 0.163774,-0.031366  
-0.273248,-0.027283 -0.304285,0.000112 -0.282884,0.024772 -0.280766,0.045652 -0.28646,0.060613 -0.192929,0.052423 0.020069,0.108534 0.064243,0.114367 0.256649,0.115596 0.310317,0.092481 0.248288,-0.031867 0.212084,-0.056062 0.169642,-0.079801 0.121857,-0.101832 0.06291,-0.119313 -0.025431,-0.134638 -0.036892,-0.124006 -0.088191,-0.038936 -0.061084,-0.02808 -0.061973,-0.020916 -0.102275,0.013598 0.056375,-0.048696 -0.067465,0.021866 -0.087113,0.055557 -0.063921,0.040445 0.088977,-0.02504 0.089367,-0.000848 0.180031,0.020909 0.186439,0.027889 0.14767,0.042506  
-0.269118,-0.030215 -0.30661,0.001491 -0.285528,0.025268 -0.279961,0.045307 -0.286078,0.061044 -0.191269,0.053559 0.018426,0.108153 0.064408,0.115883 0.256435,0.115842 0.310672,0.092574 0.24794,-0.032248 0.213379,-0.057158 0.169638,-0.081326 0.12286,-0.102646 0.063348,-0.119452 -0.024489,-0.135403 -0.037059,-0.122941 -0.088339,-0.039844 -0.061896,-0.026445 -0.062946,-0.019877 -0.103072,0.014688 0.058297,-0.048506 -0.068698,0.021657 -0.086184,0.054562 -0.063718,0.038173 0.089554,-0.024218 0.088737,0.000215 0.179907,0.020216 0.184138,0.028825 0.147226,0.042822  
-0.303234,0.030888 -0.341899,0.005336 -0.313422,-0.019696 -0.302713,-0.043045 -0.302627,-0.056593 -0.207492,-0.04871 0.021485,-0.099881 0.089675,-0.111955 0.310431,-0.107099 0.360426,-0.081933 0.274441,0.029524 0.227081,0.05708 0.176027,0.07731 0.121024,0.096852 0.069403,0.111632 -0.031306,0.127893 -0.049146,0.115369 -0.111924,0.034114 -0.074626,0.022019 -0.073502,0.015274 -0.105771,-0.015067 0.049335,0.039801 -0.063831,-0.025688 -0.092247,-0.053113 -0.061453,-0.037233 0.087615,0.020873 0.089661,0.002562 0.191873,-0.019936 0.199926,-0.029069 0.166793,-0.037509  
-0.270123,-0.02936 -0.308489,0.001009 -0.286575,0.026043 -0.281037,0.046066 -0.284829,0.061079 -0.191024,0.052445 0.019403,0.107395 0.072829,0.116473 0.254928,0.114961 0.308933,0.092852 0.246427,-0.031902 0.211754,-0.055748 0.170434,-0.080638 0.122485,-0.101098 0.063255,-0.119026 -0.024629,-0.133981 -0.036821,-0.123694 -0.087237,-0.039483 -0.06066,-0.027143 -0.062792,-0.020772 -0.104166,0.0146 0.055989,-0.048537 -0.067513,0.020897 -0.088232,0.053187 -0.063818,0.038288 0.089511,-0.024941 0.089741,-0.000348 0.179694,0.019543 0.184797,0.029408 0.147764,0.042424  
-0.286092,0.02507 -0.326527,0.020548 -0.311879,-0.010768 -0.303191,-0.034694 -0.30417,-0.043517 -0.203012,-0.04457 0.015889,-0.088588 0.058791,-0.094647 0.298523,-0.094169 0.354356,-0.073254 0.274086,0.0368 0.222396,0.059517 0.163176,0.07581 0.116693,0.074214 0.070342,0.089369 -0.053552,0.089843 -0.037825,0.070602 -0.112993,0.018873 -0.078568,0.018215 -0.076858,0.012852 -0.106978,-0.010133 0.044962,0.034584 -0.066305,-0.016118 -0.092418,-0.042524 -0.062401,-0.029952 0.084993,0.015437 0.087845,0.003363 0.211771,-0.009349 0.219434,-0.019861 0.199513,-0.032954  
-0.273372,-0.035294 -0.305574,-0.007461 -0.278153,0.022171 -0.275815,0.047761 -0.281157,0.064542 -0.193066,0.052047 0.021658,0.11277 0.093678,0.12307 0.2696,0.113108 0.316398,0.09143 0.244817,-0.038698 0.21297,-0.060279 0.171977,-0.080679 0.112306,-0.104074 0.070126,-0.118285 -0.034093,-0.132453 -0.052121,-0.117639 -0.104403,-0.040056 -0.070941,-0.029617 -0.066186,-0.019979 -0.09562,0.007038 0.052087,-0.044024 -0.057481,0.020651 -0.08278,0.054478 -0.056366,0.037198 0.086204,-0.022166 0.086532,-0.000696 0.16218,0.025171 0.16787,0.037492 0.158726,0.042472  
-0.29819,0.027742 -0.335567,0.001453 -0.308834,-0.018928 -0.30787,-0.036731 -0.314524,-0.047661 -0.213316,-0.039305 0.013845,-0.086581 0.098056,-0.096397 0.293811,-0.089236 0.345315,-0.072105 0.26749,0.028592 0.233229,0.0441 0.191966,0.061531 0.130877,0.080903 0.081607,0.092537 -0.027,0.105843 -0.0555,0.087259 -0.106739,0.029881 -0.071133,0.023783 -0.070954,0.017002 -0.104597,-0.006483 0.056154,0.034966 -0.060359,-0.015316 -0.092972,-0.041064 -0.061725,-0.028319 0.091657,0.017292 0.093651,0.004185 0.179756,-0.01804 0.184485,-0.027461 0.167381,-0.03344  
-0.271027,-0.031845 -0.302505,0.007343 -0.279582,0.0239 -0.278211,0.045479 -0.284078,0.061622 -0.190796,0.05396 0.020282,0.109996 0.082245,0.12302 0.267502,0.112848 0.312365,0.095856 0.249112,-0.034499 0.217489,-0.056532 0.176511,-0.078868 0.117096,-0.103413 0.069665,-0.120286 -0.037395,-0.139272 -0.046665,-0.122353 -0.099743,-0.043252 -0.067337,-0.033068 -0.065172,-0.023325 -0.099026,0.008841 0.044729,-0.043841 -0.056072,0.019705 -0.081317,0.056092 -0.055178,0.035801 0.07872,-0.021439 0.083141,-0.003246 0.16971,0.023794 0.175525,0.035606 0.150014,0.041378  
-0.303892,0.018914 -0.317961,-0.021809 -0.336566,-0.00815 -0.324439,-0.036151 -0.331391,-0.058109 -0.21295,-0.046749 0.020704,-0.125113 0.113721,-0.145968 0.270147,-0.097191 0.340133,-0.057233 0.275004,0.016474 0.243086,0.046568 0.195485,0.077872 0.125679,0.106629 0.076594,0.135423 -0.023527,0.159284 -0.03794,0.135511 -0.101783,0.055354 -0.065785,0.041146 -0.069258,0.028066 -0.114177,-0.011538 0.043611,0.04131 -0.067649,-0.026867 -0.086746,-0.060245 -0.056208,-0.038974 0.08765,0.020495 0.088694,-0.004831 0.187956,-0.046704 0.193859,-0.057141 0.187949,-0.040276  
-0.299728,0.035778 -0.35536,0.006098 -0.311581,-0.022565 -0.307963,-0.041747 -0.312748,-0.053713 -0.21272,-0.047961 0.005854,-0.097734 0.107971,-0.119449 0.295134,-0.114271 0.35511,-0.087732 0.277463,0.036439 0.235645,0.061349 0.18472,0.083868 0.128637,0.096553 0.079613,0.10988 -0.030008,0.121095 -0.046096,0.106673 -0.102624,0.031905 -0.06903,0.026189 -0.067762,0.01739 -0.103945,-0.014979 0.051542,0.041717 -0.061525,-0.025577 -0.08622,-0.051187 -0.057743,-0.036267 0.088191,0.022136 0.091294,0.008805 0.175962,-0.024233 0.17971,-0.030294 0.168207,-0.038168  
-0.271082,-0.033369 -0.315954,-0.005402 -0.276261,0.023163 -0.278467,0.046296 -0.279497,0.060835 -0.193574,0.049758 0.018655,0.106237 0.104482,0.126044 0.271222,0.1206 0.322223,0.093655 0.253729,-0.033485 0.213645,-0.062028 0.160158,-0.08977 0.112484,-0.101974 0.059837,-0.117836 -0.039895,-0.131115 -0.051435,-0.116808 -0.098946,-0.040723 -0.0663,-0.029533 -0.063395,-0.020231 -0.091454,0.011963 0.046738,-0.042064 -0.055567,0.02219 -0.073057,0.053194 -0.050782,0.037661 0.082257,-0.021592 0.084439,-0.007947 0.161625,0.024999 0.166033,0.034573 0.148138,0.042707  
-0.304239,0.033578 -0.339224,0.002188 -0.31104,-0.022125 -0.310134,-0.041921 -0.311682,-0.054435 -0.21416,-0.044908 0.009385,-0.095347 0.104264,-0.117778 0.297074,-0.113363 0.355392,-0.087252 0.280139,0.034636 0.238472,0.059858 0.184995,0.083075 0.126386,0.095038 0.073589,0.109494 -0.029848,0.121769 -0.051975,0.103967 -0.110841,0.034201 -0.071157,0.023511 -0.06912,0.017697 -0.104055,-0.015111 0.05217,0.042002 -0.060158,-0.023561 -0.085337,-0.049146 -0.056426,-0.0355 0.088591,0.02194 0.093441,0.008527 0.176462,-0.022148 0.1812,-0.031237 0.167837,-0.037649  
-0.26811,-0.029396 -0.306343,0.00075 -0.27812,0.02848 -0.276966,0.046314 -0.279719,0.062077 -0.189576,0.051367 0.002467,0.108934 0.074137,0.123566 0.251448,0.115132 0.309849,0.095105 0.263008,-0.028892 0.225734,-0.060746 0.173929,-0.086929 0.118971,-0.112261 0.070459,-0.119042 -0.05035,-0.119164 -0.057773,-0.117513 -0.096262,-0.049351 -0.061652,-0.034139 -0.062272,-0.022103 -0.091329,0.009593 0.05112,-0.047826 -0.062819,0.022384 -0.081691,0.050426 -0.061073,0.036205 0.089419,-0.022536 0.088753,-0.00238 0.175246,0.024169 0.180136,0.035825 0.149381,0.04195  
-0.268207,-0.034114 -0.302722,-0.011488 -0.278492,0.024048 -0.273094,0.043679 -0.28112,0.052932 -0.18188,0.058393 0.01342,0.10601 0.076625,0.119923 0.264492,0.118143 0.314435,0.097074 0.256622,-0.037482 0.223493,-0.060972 0.169332,-0.087029 0.113959,-0.108695 0.063492,-0.123214 -0.047534,-0.132825 -0.064151,-0.113023 -0.103945,-0.035917 -0.070044,-0.024611 -0.067928,-0.011883 -0.095034,0.012216 0.044003,-0.043793 -0.055089,0.02468 -0.078768,0.055526 -0.053573,0.040384 0.080281,-0.021246 0.087361,-0.002844 0.17626,0.023855 0.187266,0.030756 0.15054,0.041517  
-0.26533,-0.027764 -0.300648,0.000219 -0.277789,0.026077 -0.277905,0.049008 -0.282489,0.063279 -0.199237,0.049448 0.002737,0.107216 0.084071,0.122861 0.252683,0.114294 0.313084,0.092227 0.262258,-0.028859 0.220793,-0.058367 0.172219,-0.086014 0.117217,-0.107776 0.067817,-0.119398 -0.04807,-0.124727 -0.051344,-0.123597 -0.095591,-0.050792 -0.063226,-0.034609 -0.060906,-0.020857 -0.095508,0.012552 0.047179,-0.046392 -0.06081,0.022321 -0.081573,0.053476 -0.06096,0.034466 0.088903,-0.019574 0.089383,-0.001951 0.173907,0.026185 0.179617,0.035059 0.149516,0.04199  
-0.271253,-0.028484 -0.331031,0.01914 -0.282122,0.026409 -0.276785,0.043584 -0.279974,0.061864 -0.171448,0.044972 0.014986,0.091939 0.061826,0.104911 0.262795,0.116257 0.309801,0.100936 0.263248,-0.03445 0.224181,-0.071736 0.181122,-0.079063 0.128325,-0.086652 0.076958,-0.100516 -0.027878,-0.132415 -0.042756,-0.118663 -0.103816,-0.043869 -0.068909,-0.030026 -0.068418,-0.016537 -0.098806,0.006902 0.051119,-0.030596 -0.054456,0.020959 -0.076207,0.041837 -0.053128,0.029361 0.081116,-0.018763 0.08308,-0.006195 0.164814,0.018075 0.167987,0.032064 0.13563,0.038756  
-0.277326,-0.032356 -0.314626,-0.001186 -0.281954,0.029314 -0.273443,0.052634 -0.27613,0.067788 -0.195114,0.053292 0.016004,0.104477 0.071746,0.115362 0.254925,0.119422 0.312887,0.105686 0.269496,-0.024678 0.219714,-0.065729 0.166617,-0.088725 0.112899,-0.110232 0.066858,-0.121093 -0.036862,-0.138551 -0.045693,-0.125934 -0.098833,-0.042002 -0.06632,-0.02651 -0.066037,-0.018639 -0.093753,0.011084 0.054983,-0.046562 -0.047994,0.021947 -0.073992,0.051928 -0.043746,0.033632 0.077046,-0.024205 0.080254,-0.006468 0.158738,0.020697 0.169298,0.04115 0.160356,0.044459  
-0.270935,0.019171 -0.297751,-0.012002 -0.284476,-0.028985 -0.33751,-0.019823 -0.341227,-0.039577 -0.242805,-0.038764 -0.001935,-0.093236 0.050951,-0.101548 0.287812,-0.113318 0.345267,-0.096354 0.283778,0.039717 0.255176,0.046593 0.206643,0.06947 0.148729,0.088478 0.099806,0.106101 0.024067,0.121655 -0.037122,0.112499 -0.11308,0.031572 -0.07897,0.025466 -0.076498,0.016981 -0.121457,-0.004731 0.053747,0.038903 -0.074487,-0.013674 -0.108019,-0.044866 -0.071842,-0.033333 0.092988,0.01793 0.092372,0.009147 0.176512,-0.024627 0.180098,-0.035944 0.160168,-0.042901  
-0.275401,-0.037746 -0.31001,-0.004654 -0.28672,0.021934 -0.272914,0.053309 -0.275286,0.072524 -0.193681,0.05582 0.022132,0.11602 0.077077,0.125945 0.270785,0.120368 0.314594,0.09676 0.243727,-0.039412 0.216053,-0.058927 0.17004,-0.085597 0.116891,-0.110938 0.077314,-0.13108 -0.033599,-0.142745 -0.043603,-0.138565 -0.097064,-0.042151 -0.065392,-0.03113 -0.06467,-0.020506 -0.095428,0.013291 0.047855,-0.046008 -0.053519,0.026155 -0.078787,0.059633 -0.050775,0.039804 0.082712,-0.023922 0.08201,-0.005662 0.161167,0.025639 0.164824,0.042017 0.149668,0.04982  
-0.276225,-0.035967 -0.310672,-0.003363 -0.283157,0.023129 -0.27489,0.05388 -0.277017,0.071813 -0.190703,0.052773 0.023318,0.113989 0.073368,0.123352 0.269534,0.121455 0.315247,0.096577 0.243032,-0.038671 0.216856,-0.058517 0.171997,-0.085475 0.117863,-0.113442 0.075661,-0.130984 -0.033441,-0.142096 -0.0433,-0.13882 -0.097134,-0.042273 -0.063905,-0.029508 -0.064823,-0.0205 -0.096644,0.012395 0.046097,-0.045989 -0.053063,0.026281 -0.079569,0.059748 -0.052034,0.040695 0.083577,-0.024937 0.084166,-0.006654 0.159617,0.024912 0.165124,0.046222 0.15112,0.049977  
-0.27731,-0.032451 -0.31175,-0.004438 -0.285057,0.022358 -0.272633,0.052781 -0.276081,0.070877 -0.191336,0.055073 0.023999,0.114438 0.074883,0.123954 0.269184,0.121416 0.315221,0.09997 0.244495,-0.038583 0.215452,-0.060343 0.171125,-0.087612 0.115644,-0.112185 0.075458,-0.131021 -0.033282,-0.141829 -0.042924,-0.138683 -0.095922,-0.044192 -0.06629,-0.029071 -0.064647,-0.019619 -0.095707,0.013989 0.049418,-0.045417 -0.053679,0.02524 -0.079191,0.058141 -0.051197,0.038757 0.083375,-0.021868 0.083268,-0.008572 0.159838,0.024813 0.165875,0.042623 0.149772,0.051453  
-0.30254,0.032145 -0.341739,0.002954 -0.304627,-0.022938 -0.304055,-0.043438 -0.306379,-0.055805 -0.211606,-0.04855 0.012326,-0.098552 0.072999,-0.104319 0.300166,-0.099041 0.356674,-0.078677 0.284665,0.02708 0.244314,0.046692 0.187775,0.075836 0.12793,0.0973 0.081759,0.110648 -0.037495,0.134715 -0.063362,0.110159 -0.107138,0.041745 -0.071096,0.027816 -0.0692,0.018438 -0.105526,-0.011365 0.048089,0.033811 -0.058215,-0.026614 -0.087322,-0.052577 -0.056372,-0.035807 0.083643,0.017737 0.085157,-0.003318 0.183845,-0.026445 0.189616,-0.032472 0.167713,-0.037158  
-0.278209,-0.032438 -0.306584,-0.00842 -0.27507,0.027748 -0.26985,0.052595 -0.272957,0.066817 -0.189422,0.055752 0.024877,0.114821 0.073349,0.126164 0.276779,0.129421 0.32488,0.105176 0.235232,-0.037666 0.196469,-0.063831 0.182721,-0.091548 0.125395,-0.115238 0.068868,-0.134288 -0.055875,-0.145472 -0.069074,-0.12744 -0.107879,-0.043325 -0.06925,-0.03231 -0.063346,-0.025071 -0.089792,0.011046 0.055438,-0.04658 -0.048124,0.022632 -0.0743,0.05875 -0.046011,0.040837 0.083632,-0.027415 0.082255,0.000371 0.175678,0.025633 0.180514,0.038524 0.129659,0.054755  
-0.271993,-0.023254 -0.302287,0.001713 -0.27894,0.025849 -0.271468,0.047424 -0.270887,0.061616 -0.229699,0.043014 0.015456,0.104641 0.064768,0.112546 0.274011,0.11807 0.321163,0.097481 0.252938,-0.039747 0.219523,-0.062384 0.177855,-0.083124 0.117725,-0.106861 0.065692,-0.121482 -0.033382,-0.135948 -0.044605,-0.119015 -0.101362,-0.040808 -0.064898,-0.028638 -0.062052,-0.017267 -0.083752,0.012153 0.042225,-0.041083 -0.046041,0.018346 -0.077095,0.050735 -0.048442,0.033511 0.074256,-0.020303 0.074339,-0.001564 0.162797,0.026727 0.166764,0.041398 0.15739,0.046253  
-0.276346,-0.024328 -0.302871,0.004513 -0.281905,0.025344 -0.275913,0.046823 -0.278339,0.060608 -0.193226,0.047722 0.011732,0.101567 0.067071,0.112093 0.274133,0.120436 0.321608,0.099774 0.252153,-0.041722 0.221558,-0.064053 0.177911,-0.083743 0.117434,-0.107723 0.066589,-0.122263 -0.033337,-0.135462 -0.047393,-0.12043 -0.104619,-0.041772 -0.064695,-0.030465 -0.061847,-0.019014 -0.085214,0.010324 0.041113,-0.040105 -0.049276,0.019351 -0.080324,0.050419 -0.048722,0.035118 0.073313,-0.019143 0.075118,-0.001523 0.162344,0.028326 0.166567,0.041603 0.155385,0.047725  
-0.276341,-0.024409 -0.306118,4.4e-05 -0.277404,0.024742 -0.274726,0.046646 -0.277342,0.061539 -0.191395,0.049487 0.014359,0.102983 0.068102,0.11471 0.273712,0.118985 0.322701,0.100804 0.252553,-0.040506 0.220999,-0.061064 0.179162,-0.084638 0.115561,-0.107294 0.064513,-0.121718 -0.035384,-0.138009 -0.046674,-0.119954 -0.104698,-0.039178 -0.067223,-0.028395 -0.062744,-0.018448 -0.085555,0.010141 0.041354,-0.042871 -0.049528,0.022109 -0.081025,0.050678 -0.051171,0.032609 0.073732,-0.019273 0.072327,-0.001132 0.162025,0.027249 0.167845,0.038976 0.158384,0.045186  
-0.300526,0.032198 -0.341552,0.001019 -0.31395,-0.023914 -0.310319,-0.04368 -0.313392,-0.057807 -0.219915,-0.049009 0.01036,-0.093875 0.080996,-0.106098 0.298366,-0.111272 0.348998,-0.094647 0.275039,0.033179 0.243219,0.053552 0.187712,0.07999 0.126301,0.100384 0.074552,0.112899 -0.024842,0.121495 -0.043545,0.104199 -0.105224,0.035392 -0.066612,0.02664 -0.064484,0.018316 -0.101301,-0.010128 0.055703,0.046159 -0.059975,-0.017596 -0.094556,-0.047977 -0.060716,-0.032032 0.091548,0.021337 0.091835,0.003557 0.18025,-0.022391 0.186545,-0.038019 0.169485,-0.041871  
-0.271791,-0.034741 -0.315505,0.004515 -0.276436,0.024076 -0.278239,0.045733 -0.278527,0.06281 -0.170592,0.049849 0.025284,0.105875 0.113079,0.114423 0.285049,0.110399 0.332403,0.088376 0.243848,-0.026355 0.207452,-0.048632 0.164991,-0.074364 0.108322,-0.101461 0.05268,-0.11915 -0.044899,-0.140804 -0.054304,-0.130649 -0.098438,-0.049227 -0.070683,-0.034187 -0.068882,-0.020076 -0.093262,0.01038 0.038954,-0.036447 -0.054379,0.023409 -0.07679,0.052494 -0.053687,0.032913 0.072184,-0.01459 0.072584,-0.00196 0.165847,0.025629 0.169584,0.036944 0.154153,0.044816  
-0.271091,-0.028272 -0.309765,0.003977 -0.279941,0.025813 -0.276773,0.043472 -0.277389,0.063665 -0.173156,0.047297 0.026662,0.104152 0.112751,0.11878 0.28438,0.111777 0.33367,0.088345 0.243168,-0.025688 0.206923,-0.051155 0.1655,-0.073879 0.108434,-0.099662 0.052845,-0.120544 -0.046862,-0.141064 -0.054662,-0.132238 -0.100649,-0.050638 -0.071256,-0.035339 -0.070832,-0.022828 -0.094012,0.009411 0.04045,-0.037314 -0.055103,0.024071 -0.077516,0.051748 -0.052751,0.032256 0.071997,-0.012425 0.074051,-0.0011 0.16789,0.025228 0.168444,0.037816 0.154593,0.044339  
-0.271605,-0.033972 -0.307939,0.008066 -0.279236,0.024627 -0.278585,0.047601 -0.278898,0.062411 -0.175468,0.049719 0.028925,0.106111 0.112862,0.117135 0.28422,0.113511 0.331347,0.089805 0.242911,-0.02566 0.206375,-0.049531 0.165728,-0.07494 0.10879,-0.10196 0.053957,-0.119379 -0.045367,-0.141124 -0.05391,-0.129704 -0.101294,-0.052126 -0.069494,-0.035619 -0.070827,-0.021036 -0.092618,0.009257 0.039492,-0.038667 -0.053634,0.022478 -0.078895,0.051061 -0.053177,0.032046 0.071833,-0.014011 0.07203,-0.001725 0.1675,0.025171 0.170611,0.036311 0.154365,0.044146  
-0.273276,-0.031754 -0.309515,-0.000705 -0.279683,0.02884 -0.279968,0.051506 -0.284535,0.064267 -0.186811,0.052532 0.01664,0.104944 0.079904,0.1151 0.266023,0.108849 0.317837,0.084021 0.253243,-0.03074 0.215619,-0.056068 0.168516,-0.081241 0.120065,-0.101314 0.072938,-0.118445 -0.032161,-0.142304 -0.040857,-0.132646 -0.088327,-0.047198 -0.05984,-0.032616 -0.058815,-0.020495 -0.101666,0.012192 0.049192,-0.041621 -0.065778,0.022537 -0.079382,0.054131 -0.065164,0.037296 0.084477,-0.019347 0.082164,-0.002286 0.160917,0.027242 0.167746,0.045487 0.150497,0.049834  
-0.273366,-0.02588 -0.307154,-0.000402 -0.282156,0.021316 -0.27361,0.04736 -0.27596,0.062177 -0.199529,0.048564 0.016901,0.103916 0.060796,0.110327 0.25948,0.107815 0.31701,0.081926 0.259699,-0.02734 0.221693,-0.056332 0.173545,-0.082614 0.113866,-0.107878 0.069738,-0.117153 -0.019116,-0.132922 -0.030912,-0.122136 -0.098543,-0.038629 -0.066222,-0.026967 -0.065994,-0.018642 -0.102151,0.014558 0.060505,-0.043975 -0.068073,0.025073 -0.088212,0.052537 -0.065641,0.036509 0.090529,-0.025742 0.092886,-0.004762 0.161321,0.025756 0.166875,0.0444 0.151794,0.049139  
-0.302391,0.037651 -0.343526,0.009266 -0.31067,-0.019606 -0.313863,-0.037713 -0.31569,-0.052125 -0.214447,-0.051517 0.001895,-0.099021 0.047173,-0.105689 0.295507,-0.108919 0.34733,-0.091058 0.276014,0.034963 0.231437,0.059716 0.186592,0.08007 0.135921,0.09355 0.083213,0.10806 -0.018147,0.121123 -0.03876,0.105374 -0.097741,0.031411 -0.06709,0.023948 -0.066467,0.018227 -0.109044,-0.011334 0.063224,0.039503 -0.059834,-0.022302 -0.09561,-0.053005 -0.058017,-0.037304 0.095605,0.016764 0.094132,0.001093 0.191119,-0.024964 0.195377,-0.029614 0.166759,-0.036548  
-0.275831,-0.033231 -0.308713,-0.007803 -0.278547,0.022322 -0.281451,0.043713 -0.284753,0.056889 -0.188791,0.053914 0.009101,0.107507 0.063333,0.117794 0.277075,0.113728 0.318885,0.094986 0.247444,-0.042935 0.205029,-0.065299 0.163179,-0.083437 0.113852,-0.098562 0.067742,-0.115854 -0.026277,-0.129043 -0.045214,-0.112664 -0.092772,-0.034852 -0.063109,-0.027923 -0.061914,-0.016869 -0.097745,0.010829 0.056733,-0.042425 -0.052062,0.020005 -0.086008,0.054687 -0.050877,0.040537 0.082843,-0.01974 0.084209,-0.000477 0.173882,0.02166 0.182144,0.031048 0.148615,0.041496  
-0.271996,-0.032746 -0.311381,0.00025 -0.278809,0.025147 -0.273053,0.051943 -0.277531,0.068868 -0.189138,0.054986 0.018653,0.111668 0.074305,0.117857 0.26623,0.114132 0.319634,0.092611 0.240831,-0.027961 0.219223,-0.055678 0.169367,-0.086035 0.128029,-0.108007 0.08611,-0.122566 -0.04496,-0.143445 -0.035855,-0.135975 -0.095461,-0.049218 -0.062546,-0.035604 -0.061004,-0.02669 -0.099913,0.013742 0.042997,-0.041491 -0.062736,0.024104 -0.082495,0.060525 -0.062172,0.041576 0.075262,-0.021691 0.078772,0.002335 0.175383,0.024334 0.180948,0.031274 0.133308,0.051756  
-0.31524,0.034579 -0.354931,0.006801 -0.319733,-0.019878 -0.315557,-0.044462 -0.3223,-0.05749 -0.219689,-0.055587 0.031137,-0.111214 0.091245,-0.119796 0.323888,-0.123592 0.386388,-0.10443 0.244057,0.030092 0.21776,0.06978 0.222871,0.079536 0.161467,0.100612 0.110516,0.120032 -0.012348,0.138946 -0.02942,0.126468 -0.100516,0.036863 -0.061628,0.029691 -0.058574,0.024067 -0.103378,-0.014961 0.069339,0.039663 -0.063831,-0.023549 -0.092684,-0.059156 -0.061081,-0.04149 0.111188,0.015523 0.108593,-0.000828 0.135037,-0.030454 0.132361,-0.020492 0.085063,-0.025273  
-0.294222,0.02631 -0.334859,0.00063 -0.300961,-0.017801 -0.309923,-0.033703 -0.309779,-0.044844 -0.219045,-0.036778 0.012916,-0.080712 0.061628,-0.084804 0.290447,-0.093386 0.343428,-0.079965 0.279661,0.027396 0.241533,0.046016 0.200378,0.063495 0.140734,0.083812 0.09071,0.091093 -0.023827,0.102253 -0.033475,0.092516 -0.102426,0.025961 -0.069093,0.020261 -0.0674,0.015447 -0.110016,-0.007451 0.051186,0.0316 -0.070258,-0.015463 -0.100227,-0.039477 -0.0688,-0.025622 0.083089,0.013423 0.08418,0.001599 0.181506,-0.020658 0.18533,-0.028789 0.167586,-0.032358  
-0.272666,0.056848 -0.281762,0.018092 -0.262439,-0.008989 -0.266034,-0.036353 -0.265597,-0.047845 -0.277707,-0.078608 0.012433,-0.125504 0.069334,-0.135153 0.328264,-0.119221 0.398632,-0.096325 0.306716,0.056712 0.2481,0.08147 0.192304,0.100036 0.12658,0.11926 0.064644,0.131046 -0.062937,0.139547 -0.073508,0.126998 -0.156722,0.025346 -0.105364,0.014379 -0.100956,0.006855 -0.142383,-0.030387 0.029407,0.039572 -0.086485,-0.038612 -0.120513,-0.077981 -0.078309,-0.055677 0.07728,0.023226 0.087823,-0.001594 0.206934,-0.021681 0.210341,-0.028826 0.194592,-0.036631  
-0.242498,-0.035457 -0.27218,-0.003486 -0.252014,0.028015 -0.292934,0.052193 -0.295154,0.067973 -0.205959,0.053275 0.022824,0.120925 0.07353,0.127495 0.265184,0.123085 0.324629,0.103036 0.261105,-0.037924 0.213215,-0.068996 0.167113,-0.093927 0.116782,-0.112175 0.065805,-0.123206 -0.034139,-0.15064 -0.045361,-0.136005 -0.116645,-0.049044 -0.075506,-0.033465 -0.072494,-0.022841 -0.109033,0.014683 0.034481,-0.045532 -0.061426,0.026753 -0.088826,0.062583 -0.054566,0.04083 0.074911,-0.024165 0.08006,0.002717 0.17679,0.028471 0.180114,0.037732 0.162191,0.047099  
-0.276172,-0.034418 -0.307412,-0.004753 -0.281686,0.022026 -0.270237,0.04499 -0.273112,0.060105 -0.189547,0.051485 0.020075,0.104669 0.057577,0.11124 0.272959,0.114553 0.324753,0.095085 0.251802,-0.035155 0.214919,-0.060033 0.167402,-0.084113 0.115724,-0.102489 0.069132,-0.118545 -0.039008,-0.132782 -0.057432,-0.112737 -0.106586,-0.038079 -0.068594,-0.027301 -0.065361,-0.016306 -0.08959,0.01078 0.049039,-0.041389 -0.053285,0.025015 -0.078924,0.054339 -0.054027,0.036632 0.081301,-0.020002 0.083136,-0.001428 0.173534,0.022617 0.173955,0.0357 0.155665,0.040294  
-0.273848,-0.035057 -0.323367,-0.004408 -0.277402,0.021904 -0.268648,0.042797 -0.269569,0.057033 -0.194092,0.049407 0.023363,0.106652 0.066297,0.112753 0.283534,0.113858 0.330295,0.089253 0.245339,-0.035166 0.206307,-0.060364 0.17126,-0.079674 0.110621,-0.102691 0.063201,-0.117248 -0.042624,-0.13374 -0.062247,-0.109365 -0.099906,-0.033799 -0.06865,-0.026624 -0.063206,-0.019248 -0.089302,0.009701 0.048778,-0.042335 -0.048167,0.020829 -0.074721,0.05478 -0.046554,0.036669 0.079283,-0.02104 0.082151,-0.004923 0.167606,0.024186 0.171876,0.040397 0.152392,0.045461  
-0.270455,-0.034734 -0.32561,-0.005296 -0.270027,0.020928 -0.27146,0.04138 -0.271302,0.056887 -0.208762,0.045013 0.023395,0.105335 0.065617,0.112587 0.280921,0.109865 0.326941,0.086737 0.245543,-0.0372 0.208007,-0.06069 0.171951,-0.078721 0.109697,-0.103071 0.065996,-0.113188 -0.041282,-0.128579 -0.058341,-0.111705 -0.101186,-0.032688 -0.066393,-0.026302 -0.063665,-0.018133 -0.088194,0.010702 0.049493,-0.040664 -0.047891,0.024172 -0.074998,0.055116 -0.045926,0.037365 0.080011,-0.022089 0.083551,-0.002244 0.166969,0.025097 0.170139,0.039714 0.157262,0.044401  
-0.267428,-0.036125 -0.316192,0.00162 -0.276087,0.02228 -0.271396,0.04529 -0.274204,0.061486 -0.187904,0.051735 0.011254,0.104752 0.059202,0.1138 0.282827,0.112532 0.327689,0.086432 0.24986,-0.033352 0.215299,-0.058419 0.179982,-0.080681 0.11868,-0.105833 0.073011,-0.124176 -0.032882,-0.139961 -0.047804,-0.120219 -0.103446,-0.037636 -0.067951,-0.027655 -0.064303,-0.015966 -0.095029,0.012499 0.045606,-0.046705 -0.052881,0.024879 -0.083743,0.055984 -0.051041,0.03907 0.075832,-0.021095 0.079884,-0.003712 0.162135,0.027493 0.166573,0.043453 0.144456,0.048233  
-0.270215,-0.03281 -0.306354,-0.002173 -0.279425,0.022856 -0.268161,0.046181 -0.275576,0.063248 -0.190345,0.053003 0.010398,0.104898 0.07702,0.117531 0.28326,0.11206 0.326069,0.088999 0.250773,-0.033655 0.216386,-0.058077 0.180202,-0.081154 0.112422,-0.104975 0.075155,-0.11988 -0.037103,-0.140167 -0.053459,-0.121302 -0.101166,-0.04229 -0.069773,-0.029285 -0.065203,-0.020475 -0.095842,0.010744 0.042916,-0.044764 -0.053519,0.024899 -0.085186,0.055963 -0.050914,0.038974 0.075974,-0.021945 0.079476,-0.003616 0.162876,0.02726 0.165649,0.041338 0.143667,0.048614  
-0.280898,-0.047991 -0.310135,-0.00382 -0.28436,0.023021 -0.27273,0.048688 -0.272615,0.06246 -0.167645,0.042296 0.022183,0.096154 0.123682,0.107248 0.278148,0.09096 0.324611,0.074012 0.259955,-0.026386 0.213004,-0.048169 0.172217,-0.065251 0.115317,-0.089066 0.063744,-0.108268 -0.04447,-0.119898 -0.052316,-0.11351 -0.107297,-0.043698 -0.073465,-0.028617 -0.07013,-0.01872 -0.096795,0.012112 0.04324,-0.033003 -0.065026,0.021572 -0.08565,0.047466 -0.060265,0.030287 0.076757,-0.013764 0.078385,0.000179 0.164939,0.022369 0.166573,0.037585 0.141041,0.043748  
-0.29027,0.025618 -0.333587,0.003052 -0.300743,-0.020537 -0.301455,-0.043559 -0.30453,-0.05702 -0.229613,-0.041669 0.013912,-0.093697 0.073111,-0.107575 0.287661,-0.098981 0.341703,-0.081218 0.292136,0.027808 0.25261,0.050794 0.208175,0.069979 0.143734,0.094209 0.087204,0.112715 -0.023269,0.131551 -0.039257,0.118525 -0.110147,0.041279 -0.075636,0.02822 -0.074252,0.017116 -0.111975,-0.012613 0.04269,0.032793 -0.07268,-0.021608 -0.111225,-0.042884 -0.074204,-0.030368 0.08404,0.012387 0.086029,-0.003302 0.18195,-0.029184 0.185581,-0.038847 0.172307,-0.042982  
-0.290324,0.025736 -0.340182,0.002674 -0.299177,-0.021021 -0.300327,-0.045256 -0.304399,-0.055985 -0.227838,-0.041343 0.014527,-0.094995 0.079441,-0.106525 0.286489,-0.099527 0.340901,-0.079225 0.290552,0.026844 0.252532,0.051282 0.208157,0.071019 0.141621,0.093048 0.086243,0.113638 -0.024408,0.133838 -0.040214,0.117385 -0.110547,0.040518 -0.074954,0.029368 -0.07272,0.01589 -0.112445,-0.010839 0.041901,0.032554 -0.073166,-0.022601 -0.110945,-0.043478 -0.071366,-0.029773 0.084786,0.011415 0.085195,-0.002827 0.182201,-0.029557 0.185088,-0.041412 0.173378,-0.040846  
-0.290292,0.025729 -0.332398,0.005164 -0.302047,-0.019577 -0.30023,-0.044409 -0.308035,-0.059027 -0.226345,-0.04213 0.014756,-0.098247 0.076005,-0.10598 0.287737,-0.100969 0.342534,-0.079083 0.29307,0.02543 0.251975,0.050414 0.209182,0.071335 0.141236,0.095061 0.08807,0.112157 -0.025845,0.132796 -0.038199,0.118679 -0.110335,0.040343 -0.074896,0.027748 -0.075298,0.016247 -0.11069,-0.011403 0.041077,0.032828 -0.073947,-0.021138 -0.112061,-0.043579 -0.072399,-0.029789 0.083841,0.010231 0.084812,-0.00111 0.180927,-0.02604 0.185038,-0.039653 0.172754,-0.04203  
-0.297692,0.020997 -0.332879,0.000196 -0.308649,-0.01865 -0.304134,-0.035323 -0.306347,-0.048527 -0.212738,-0.038231 0.002379,-0.07859 0.067311,-0.090777 0.296535,-0.09487 0.351589,-0.082272 0.278846,0.030141 0.240996,0.048236 0.190069,0.066734 0.136796,0.083605 0.079014,0.098943 -0.03097,0.111624 -0.03945,0.104095 -0.107953,0.027638 -0.073478,0.022207 -0.070912,0.012953 -0.104133,-0.009358 0.053712,0.035191 -0.066402,-0.01782 -0.09727,-0.042868 -0.064546,-0.029132 0.090338,0.013961 0.091037,0.003441 0.181033,-0.021675 0.187469,-0.033586 0.17043,-0.038284  
-0.274663,-0.036846 -0.306838,0.008568 -0.285657,0.026715 -0.273946,0.048854 -0.268182,0.063332 -0.198691,0.043445 0.026951,0.096422 0.108972,0.11098 0.27862,0.113285 0.32287,0.099049 0.241687,-0.033484 0.212304,-0.054083 0.173504,-0.075893 0.110482,-0.099887 0.059715,-0.113954 -0.034988,-0.126248 -0.048063,-0.114456 -0.100574,-0.044438 -0.069071,-0.030435 -0.067515,-0.022029 -0.100426,0.011244 0.047569,-0.046212 -0.057485,0.021541 -0.087858,0.048473 -0.055773,0.028706 0.083355,-0.024755 0.082952,-0.00314 0.160374,0.022865 0.166109,0.039941 0.154266,0.042441  
-0.293938,0.033506 -0.343012,0.00764 -0.308808,-0.021034 -0.305089,-0.040812 -0.308866,-0.054154 -0.219136,-0.047294 -0.001956,-0.099452 0.087549,-0.116608 0.289639,-0.113469 0.342867,-0.09579 0.285113,0.037603 0.247948,0.061258 0.206389,0.082026 0.139778,0.100194 0.080612,0.111918 -0.02047,0.119353 -0.034896,0.108077 -0.103325,0.030396 -0.073891,0.021227 -0.073516,0.016326 -0.116151,-0.012302 0.052355,0.043188 -0.074475,-0.018833 -0.098964,-0.048807 -0.069263,-0.031439 0.094812,0.02602 0.094341,0.006892 0.175111,-0.026902 0.18304,-0.041417 0.166198,-0.03731  
-0.29829,0.030564 -0.342501,0.001489 -0.309794,-0.021275 -0.300707,-0.040296 -0.30286,-0.052808 -0.210761,-0.036117 0.011188,-0.074863 0.089086,-0.085476 0.304884,-0.083537 0.355233,-0.069169 0.275783,0.023425 0.235237,0.041207 0.183341,0.058609 0.120937,0.07661 0.071856,0.088958 -0.031681,0.103976 -0.047667,0.09266 -0.109607,0.032327 -0.07121,0.020834 -0.066999,0.014982 -0.10141,-0.011784 0.042517,0.032543 -0.058252,-0.019416 -0.088373,-0.038909 -0.054286,-0.024922 0.084739,0.016102 0.085742,0.002688 0.177819,-0.017055 0.184197,-0.02813 0.17184,-0.033215  
-0.276291,-0.025925 -0.303275,-0.002213 -0.283699,0.025046 -0.273941,0.050797 -0.276771,0.067616 -0.185989,0.050789 0.018032,0.106893 0.062347,0.111497 0.264631,0.109636 0.310331,0.086735 0.258024,-0.026554 0.22093,-0.054265 0.176731,-0.081779 0.122397,-0.106339 0.074194,-0.124135 -0.027118,-0.144523 -0.050378,-0.124106 -0.105156,-0.045073 -0.069229,-0.032506 -0.06723,-0.02295 -0.102956,0.013995 0.050317,-0.044918 -0.055233,0.025007 -0.083722,0.054028 -0.053632,0.036839 0.086696,-0.02081 0.086491,-0.004649 0.166254,0.026118 0.173921,0.043418 0.143323,0.052331  
-0.291954,-0.013862 -0.312944,-0.012472 -0.287601,0.01721 -0.290453,0.03872 -0.292063,0.053165 -0.174182,0.048247 0.044864,0.102834 0.098986,0.109344 0.318304,0.095853 0.364422,0.071026 0.238551,0.007844 0.162361,-0.03868 0.095194,-0.065715 0.047965,-0.085105 -0.056412,-0.032665 -0.022396,-0.139667 -0.040775,-0.141678 -0.096429,-0.043624 -0.058201,-0.03678 -0.056636,-0.027186 -0.08029,0.006393 0.06382,-0.062808 -0.032236,0.019043 -0.066726,0.053691 -0.03188,0.033879 0.101578,-0.037775 0.102056,-0.015557 0.203525,0.003653 0.215577,0.015686 0.133976,0.076987  
-0.246522,-0.028045 -0.313981,-0.000466 -0.279659,0.023337 -0.281943,0.037374 -0.282779,0.050019 -0.19834,0.044287 -0.010621,0.092205 0.054712,0.108599 0.275981,0.114729 0.332305,0.0914 0.255598,-0.037015 0.216221,-0.061643 0.162117,-0.0841 0.107938,-0.100237 0.058348,-0.113874 -0.037034,-0.119936 -0.053686,-0.100688 -0.098797,-0.02742 -0.067107,-0.021644 -0.064541,-0.017888 -0.094663,0.011806 0.046441,-0.044168 -0.044862,0.022408 -0.077771,0.051539 -0.043995,0.035316 0.084467,-0.021429 0.086297,-0.005129 0.172414,0.022981 0.177962,0.036725 0.165497,0.040956  
-0.274785,-0.039996 -0.309037,-0.007128 -0.275112,0.021928 -0.278599,0.045203 -0.285205,0.056914 -0.178227,0.051051 0.013657,0.105778 0.067672,0.112452 0.274224,0.110694 0.323162,0.076971 0.256358,-0.031858 0.217855,-0.053689 0.171025,-0.073577 0.118842,-0.091114 0.062218,-0.109284 -0.047839,-0.126164 -0.064921,-0.109744 -0.097196,-0.041455 -0.068349,-0.029109 -0.06382,-0.017301 -0.094459,0.012973 0.045245,-0.043487 -0.052217,0.021068 -0.075488,0.055612 -0.050191,0.038821 0.088298,-0.02099 0.090556,-0.00473 0.164312,0.020795 0.172464,0.030036 0.149557,0.039329  
-0.303202,0.035895 -0.349101,0.000249 -0.307118,-0.021142 -0.304561,-0.044192 -0.310798,-0.058357 -0.200764,-0.047899 0.010306,-0.095524 0.071714,-0.106162 0.299908,-0.104497 0.362578,-0.0743 0.281043,0.028163 0.232841,0.050463 0.185051,0.071273 0.123043,0.091161 0.065444,0.104514 -0.045715,0.121186 -0.055755,0.112147 -0.10261,0.041864 -0.069153,0.027795 -0.067717,0.016955 -0.100897,-0.011356 0.050279,0.038663 -0.056385,-0.020981 -0.086204,-0.052911 -0.052472,-0.035264 0.093001,0.013842 0.093083,0.005224 0.183419,-0.020413 0.190382,-0.028842 0.170359,-0.037551  
-0.278909,-0.031265 -0.306652,-0.005262 -0.285907,0.023011 -0.284481,0.04159 -0.289724,0.053807 -0.17759,0.047519 0.024974,0.098349 0.09522,0.116186 0.273546,0.110676 0.324285,0.078491 0.251035,-0.033511 0.211166,-0.056855 0.172472,-0.076329 0.120977,-0.097387 0.066959,-0.111421 -0.03558,-0.125992 -0.055677,-0.113793 -0.104291,-0.040821 -0.066965,-0.027011 -0.062666,-0.017287 -0.086991,0.010962 0.042609,-0.03734 -0.051316,0.024534 -0.071448,0.049651 -0.049043,0.035858 0.078384,-0.010915 0.078858,0.000229 0.155976,0.026265 0.162164,0.031955 0.148616,0.036104  
-0.278564,-0.031904 -0.307134,-0.005081 -0.275451,0.027139 -0.277656,0.049739 -0.281607,0.061448 -0.179219,0.051475 0.016521,0.105893 0.079296,0.117106 0.281772,0.112608 0.336823,0.087102 0.245613,-0.031843 0.202058,-0.047039 0.168908,-0.074081 0.124666,-0.09959 0.08108,-0.117911 -0.042586,-0.127824 -0.053042,-0.120749 -0.099562,-0.045825 -0.062844,-0.030419 -0.060627,-0.022914 -0.09175,0.008692 0.040506,-0.042096 -0.057954,0.021771 -0.081803,0.052916 -0.056983,0.036098 0.076637,-0.023212 0.079296,-0.008525 0.160337,0.021806 0.168801,0.033971 0.14447,0.04125  
-0.27024,-0.037236 -0.304867,-0.008062 -0.276308,0.023819 -0.270132,0.046096 -0.273621,0.062887 -0.200133,0.049584 0.018806,0.108773 0.074221,0.1193 0.273216,0.113072 0.321649,0.092615 0.26164,-0.040304 0.215145,-0.068566 0.168748,-0.088186 0.11261,-0.101867 0.040431,-0.094779 -0.029992,-0.137883 -0.045805,-0.129467 -0.102349,-0.039957 -0.069504,-0.029028 -0.063583,-0.018297 -0.099756,0.013483 0.041924,-0.043704 -0.052625,0.02461 -0.082939,0.057027 -0.052779,0.038932 0.080437,-0.020694 0.080126,-0.004882 0.174132,0.022965 0.179374,0.040708 0.152174,0.049041  
-0.27197,-0.034329 -0.305092,-0.004917 -0.280141,0.02222 -0.271283,0.046158 -0.274716,0.062945 -0.198554,0.049743 0.018859,0.109432 0.073036,0.118237 0.274471,0.113098 0.319872,0.093581 0.260871,-0.038883 0.217252,-0.068048 0.168057,-0.08782 0.113619,-0.103932 0.039823,-0.094009 -0.027602,-0.139319 -0.04369,-0.128089 -0.099589,-0.041254 -0.066735,-0.030436 -0.063714,-0.01866 -0.099757,0.013205 0.044402,-0.044058 -0.052628,0.024176 -0.080043,0.056972 -0.054122,0.038329 0.0788,-0.021657 0.082855,-0.006773 0.172404,0.02306 0.177698,0.040772 0.147618,0.050255  
-0.268248,-0.035228 -0.306344,-0.007412 -0.278096,0.020999 -0.271543,0.046341 -0.274095,0.0632 -0.199196,0.053382 0.017566,0.109626 0.081075,0.121363 0.273765,0.113783 0.321671,0.091665 0.260577,-0.038936 0.216506,-0.069523 0.168943,-0.087739 0.110511,-0.103238 0.042025,-0.094716 -0.02713,-0.139485 -0.04491,-0.128936 -0.100782,-0.042086 -0.068286,-0.030337 -0.065423,-0.01987 -0.098632,0.014248 0.041949,-0.042302 -0.053071,0.025 -0.082612,0.055371 -0.053407,0.037902 0.078794,-0.021303 0.079444,-0.005339 0.172726,0.0235 0.177682,0.039957 0.148541,0.050114  
-0.273654,-0.034367 -0.311774,-0.006586 -0.286096,0.022635 -0.283099,0.044154 -0.289339,0.057548 -0.187436,0.053509 0.021241,0.114488 0.063828,0.118925 0.267481,0.114825 0.334474,0.080264 0.246336,-0.033043 0.200505,-0.060408 0.163104,-0.084939 0.108319,-0.100686 0.080029,-0.110574 -0.026342,-0.128328 -0.039027,-0.117276 -0.087298,-0.040005 -0.054574,-0.027982 -0.054108,-0.022611 -0.092586,0.007698 0.044234,-0.040459 -0.05634,0.022874 -0.082223,0.056589 -0.054027,0.040288 0.074012,-0.018464 0.076531,-0.00226 0.171131,0.021429 0.177349,0.031692 0.149349,0.041067  
-0.30457,0.034042 -0.344503,0.002877 -0.315242,-0.023621 -0.304757,-0.04439 -0.312301,-0.058198 -0.210178,-0.048935 0.023591,-0.105874 0.068744,-0.109022 0.295452,-0.102605 0.363082,-0.07191 0.281249,0.024579 0.231138,0.052442 0.180548,0.074144 0.12202,0.095393 0.084932,0.106633 -0.033628,0.128836 -0.046093,0.119296 -0.101102,0.044359 -0.063368,0.032857 -0.060805,0.021456 -0.103278,-0.011883 0.048977,0.037271 -0.063506,-0.023626 -0.092526,-0.049622 -0.061167,-0.036104 0.086093,0.010821 0.084426,-0.002172 0.184381,-0.024356 0.195095,-0.035343 0.167297,-0.037347  
-0.268624,-0.030488 -0.306337,-0.002538 -0.275409,0.024127 -0.280792,0.047763 -0.283634,0.059606 -0.190357,0.049055 0.029136,0.106147 0.082074,0.113764 0.267041,0.10997 0.327413,0.086118 0.257859,-0.030197 0.212088,-0.05859 0.167811,-0.078692 0.118282,-0.102071 0.072263,-0.119609 -0.033116,-0.1335 -0.050264,-0.116668 -0.094899,-0.046264 -0.063286,-0.03441 -0.066292,-0.019976 -0.099303,0.013882 0.03823,-0.041382 -0.055357,0.024517 -0.086232,0.053266 -0.053945,0.035516 0.075187,-0.01811 0.071527,0.001683 0.167195,0.026549 0.172491,0.039336 0.149247,0.041197  
-0.26793,-0.035751 -0.305121,-0.00142 -0.27655,0.02447 -0.280423,0.04774 -0.281973,0.060082 -0.189204,0.049705 0.028694,0.107747 0.082719,0.115326 0.268357,0.108318 0.329346,0.085513 0.257011,-0.030507 0.212233,-0.058269 0.167757,-0.079717 0.116738,-0.10068 0.071575,-0.117161 -0.033088,-0.134442 -0.049121,-0.117611 -0.095931,-0.048033 -0.064577,-0.033137 -0.066263,-0.018399 -0.100655,0.013788 0.038313,-0.039919 -0.056363,0.025246 -0.086476,0.054213 -0.053675,0.034363 0.072774,-0.019622 0.07156,0.001449 0.167362,0.027686 0.172436,0.038308 0.150476,0.040711  
-0.268341,-0.034778 -0.305838,0.000191 -0.274853,0.025518 -0.279481,0.04652 -0.283641,0.060402 -0.192507,0.048524 0.027277,0.105889 0.08318,0.113764 0.265149,0.109004 0.326621,0.085263 0.257597,-0.030891 0.210995,-0.058051 0.16688,-0.078857 0.117321,-0.097938 0.070572,-0.117725 -0.034336,-0.132679 -0.050189,-0.114271 -0.095946,-0.046494 -0.064006,-0.035476 -0.065747,-0.020233 -0.100503,0.012699 0.039214,-0.041325 -0.056758,0.025108 -0.085761,0.05165 -0.054211,0.033892 0.073377,-0.019303 0.07191,0.003186 0.16451,0.027452 0.170539,0.037821 0.166976,0.041137  
-0.298052,0.02913 -0.343645,0.003782 -0.308071,-0.022474 -0.305093,-0.044342 -0.309624,-0.059626 -0.204452,-0.050608 0.004914,-0.100286 0.074686,-0.116973 0.297516,-0.120794 0.36864,-0.09115 0.275474,0.036924 0.235915,0.059077 0.188782,0.078088 0.120885,0.100101 0.064883,0.114819 -0.038623,0.124962 -0.056491,0.112986 -0.105987,0.034109 -0.073013,0.030372 -0.069439,0.022807 -0.105962,-0.014509 0.050212,0.046123 -0.063991,-0.024162 -0.08907,-0.052523 -0.056738,-0.036663 0.09089,0.02344 0.094442,0.007229 0.196174,-0.020754 0.199694,-0.031104 0.165143,-0.03798  
-0.299406,0.030804 -0.346891,0.001486 -0.308152,-0.022121 -0.303965,-0.045532 -0.308242,-0.059235 -0.20225,-0.050557 0.004581,-0.098252 0.079323,-0.118715 0.298067,-0.120665 0.367285,-0.09103 0.274534,0.034687 0.235461,0.058161 0.187623,0.080223 0.121396,0.100401 0.06428,0.115269 -0.038822,0.123906 -0.055116,0.111792 -0.104351,0.033505 -0.071579,0.029785 -0.069732,0.021039 -0.108519,-0.012592 0.049659,0.047077 -0.062403,-0.022889 -0.090747,-0.053506 -0.058376,-0.036305 0.090074,0.024542 0.093828,0.009916 0.195918,-0.021075 0.199413,-0.03135 0.167107,-0.038768  
-0.299602,0.03143 -0.344222,0.002907 -0.306717,-0.020677 -0.305477,-0.043809 -0.30878,-0.060815 -0.202569,-0.055076 0.004515,-0.100062 0.070078,-0.114635 0.298862,-0.119592 0.368084,-0.092715 0.27503,0.035539 0.235724,0.059223 0.187124,0.078525 0.122196,0.100143 0.064484,0.113677 -0.040269,0.125632 -0.055663,0.110232 -0.107734,0.034767 -0.071567,0.032007 -0.06995,0.021709 -0.107762,-0.013888 0.052703,0.044469 -0.062601,-0.022576 -0.088183,-0.053897 -0.057073,-0.036338 0.092355,0.024928 0.094412,0.008935 0.197378,-0.020872 0.199407,-0.030998 0.165815,-0.038174  
-0.26305,-0.030648 -0.304999,-0.000328 -0.271624,0.027347 -0.282178,0.046596 -0.290306,0.059237 -0.192476,0.053622 0.025916,0.112046 0.070562,0.116206 0.263319,0.11574 0.326858,0.092394 0.258809,-0.032542 0.214481,-0.063637 0.171076,-0.086017 0.121141,-0.105395 0.076834,-0.123618 -0.024975,-0.135875 -0.041553,-0.11779 -0.09219,-0.045036 -0.062676,-0.032373 -0.064699,-0.021439 -0.101686,0.012635 0.039902,-0.044233 -0.059039,0.023577 -0.088275,0.054903 -0.056451,0.039656 0.071677,-0.021225 0.070768,-0.001556 0.164958,0.026223 0.171138,0.038763 0.14874,0.042769  
-0.270536,-0.033713 -0.307887,0.001574 -0.282265,0.028625 -0.27385,0.05367 -0.278497,0.068701 -0.1928,0.053105 -0.006096,0.102919 0.06588,0.114061 0.263472,0.10289 0.312575,0.078819 0.26353,-0.023271 0.226155,-0.048834 0.181671,-0.075134 0.130855,-0.097944 0.080084,-0.119271 -0.027821,-0.144382 -0.045589,-0.128056 -0.102336,-0.051068 -0.064094,-0.033947 -0.059477,-0.024897 -0.096916,0.011775 0.049283,-0.040781 -0.055091,0.023677 -0.086323,0.056854 -0.056661,0.037647 0.081058,-0.015928 0.083624,-0.001418 0.155938,0.025244 0.16308,0.037417 0.149035,0.041666  
-0.276115,-0.036556 -0.306774,-0.012873 -0.269796,0.016285 -0.276119,0.034518 -0.294173,0.045796 -0.179254,0.049944 0.010515,0.097042 0.072231,0.112056 0.289435,0.113387 0.340721,0.083835 0.247019,-0.045599 0.190752,-0.06697 0.160597,-0.083551 0.108231,-0.102482 0.070401,-0.112359 -0.014199,-0.127255 -0.04352,-0.108373 -0.104064,-0.027277 -0.070532,-0.013302 -0.068494,-0.006462 -0.095718,0.016234 0.041995,-0.03684 -0.049107,0.029324 -0.086549,0.056539 -0.051562,0.043378 0.077814,-0.017589 0.077333,0.003254 0.171291,0.02635 0.177766,0.035602 0.149876,0.033941  
-0.274348,-0.03666 -0.30817,-0.01319 -0.277601,0.020039 -0.273566,0.041306 -0.278826,0.053923 -0.197373,0.049253 0.018643,0.103719 0.058901,0.112838 0.272919,0.100189 0.317516,0.078849 0.250641,-0.036522 0.215629,-0.055685 0.165892,-0.076322 0.11382,-0.09332 0.060102,-0.107891 -0.046628,-0.12736 -0.056343,-0.114222 -0.105856,-0.0339 -0.066527,-0.02345 -0.063605,-0.017385 -0.097355,0.012849 0.04667,-0.042223 -0.048783,0.02509 -0.07613,0.057913 -0.046631,0.041852 0.088907,-0.018963 0.090795,-0.000857 0.179529,0.025988 0.188767,0.034672 0.149012,0.03947  
-0.280014,-0.039045 -0.307195,-0.011109 -0.275175,0.022387 -0.271808,0.045687 -0.275758,0.0601 -0.184482,0.051312 0.022495,0.096268 0.077118,0.113568 0.280749,0.106189 0.32139,0.081967 0.252863,-0.025062 0.214137,-0.050966 0.165897,-0.073522 0.109911,-0.096204 0.056844,-0.113302 -0.04292,-0.135015 -0.065646,-0.11525 -0.112706,-0.035498 -0.073833,-0.024666 -0.070273,-0.016436 -0.097392,0.011504 0.048264,-0.041661 -0.049693,0.022662 -0.06742,0.05479 -0.047692,0.039386 0.082978,-0.021528 0.086179,-0.004537 0.173617,0.021294 0.180977,0.036481 0.148587,0.040206  
-0.282003,-0.036655 -0.309134,-0.01136 -0.282388,0.021221 -0.278369,0.042149 -0.282592,0.056643 -0.194376,0.048526 0.023965,0.105908 0.071588,0.115505 0.285036,0.109337 0.307635,0.075066 0.244369,-0.043088 0.215366,-0.054987 0.153376,-0.066576 0.110329,-0.097603 0.064684,-0.115073 -0.039659,-0.126889 -0.049579,-0.114683 -0.102054,-0.030907 -0.067266,-0.024948 -0.062526,-0.019204 -0.09052,0.010584 0.052628,-0.041867 -0.051788,0.020822 -0.076049,0.056026 -0.047364,0.039411 0.093641,-0.020508 0.096472,0.000141 0.183056,0.028322 0.185163,0.03588 0.128361,0.038806  
-0.275248,-0.037875 -0.309633,-0.00388 -0.283463,0.02693 -0.27537,0.048914 -0.279277,0.062983 -0.188569,0.050067 0.01906,0.107979 0.073041,0.118346 0.271677,0.114453 0.322527,0.097797 0.253499,-0.032728 0.21232,-0.063077 0.161016,-0.086294 0.113849,-0.10149 0.071616,-0.118693 -0.021728,-0.135596 -0.038039,-0.119203 -0.098328,-0.038056 -0.067124,-0.026991 -0.067317,-0.016736 -0.094535,0.009731 0.044817,-0.040814 -0.057736,0.02315 -0.078637,0.056472 -0.057004,0.036517 0.076752,-0.025173 0.079348,-0.005614 0.167302,0.023623 0.174509,0.033695 0.150674,0.041563  
-0.279597,-0.038987 -0.303748,-0.009442 -0.278658,0.021664 -0.268319,0.049206 -0.273116,0.063247 -0.174897,0.054175 0.025613,0.108201 0.09752,0.12087 0.275384,0.11569 0.313325,0.094488 0.252169,-0.032331 0.212059,-0.05603 0.157475,-0.081957 0.105141,-0.101375 0.066711,-0.114807 -0.046483,-0.143809 -0.058997,-0.129745 -0.115729,-0.037795 -0.077374,-0.026721 -0.073901,-0.017514 -0.099352,0.013031 0.04116,-0.043603 -0.051114,0.024441 -0.0803,0.056784 -0.051795,0.036679 0.080995,-0.018785 0.085858,-0.003148 0.184549,0.022442 0.188116,0.031688 0.147305,0.043444  
-0.277685,-0.037759 -0.307994,-0.006502 -0.279595,0.022617 -0.270972,0.046434 -0.274887,0.063764 -0.17341,0.049227 0.019921,0.101582 0.096154,0.115647 0.279052,0.111311 0.318927,0.092688 0.24966,-0.031437 0.208862,-0.054654 0.157773,-0.077168 0.102614,-0.096949 0.061238,-0.111158 -0.048844,-0.136022 -0.061949,-0.118983 -0.110406,-0.03891 -0.073253,-0.028622 -0.070222,-0.019158 -0.099206,0.01119 0.03561,-0.043548 -0.049448,0.020089 -0.079844,0.05352 -0.049281,0.03359 0.085878,-0.017444 0.088778,-0.000126 0.183124,0.023504 0.190745,0.032602 0.14866,0.040678  
-0.2766,-0.041991 -0.310369,-0.014245 -0.276284,0.024366 -0.268389,0.051361 -0.271756,0.06933 -0.175382,0.055213 0.024198,0.109475 0.078577,0.119151 0.275933,0.119453 0.318608,0.102527 0.251473,-0.034926 0.211179,-0.060781 0.158521,-0.083022 0.101953,-0.10477 0.065733,-0.116981 -0.046056,-0.140449 -0.059035,-0.128765 -0.115941,-0.040223 -0.072424,-0.026571 -0.067808,-0.019868 -0.100285,0.013848 0.043058,-0.046543 -0.047975,0.024457 -0.081541,0.059082 -0.048333,0.039493 0.085692,-0.021465 0.088252,-0.003534 0.180975,0.021222 0.187508,0.030596 0.146519,0.044562  
-0.27253,-0.038796 -0.312803,-0.005055 -0.281866,0.025324 -0.27919,0.048899 -0.279568,0.068729 -0.1754,0.053934 0.02603,0.105269 0.097568,0.117387 0.276111,0.11157 0.316713,0.096507 0.246339,-0.032724 0.207469,-0.055269 0.165159,-0.078142 0.113494,-0.09887 0.067161,-0.116662 -0.032492,-0.140996 -0.053584,-0.124816 -0.10589,-0.042746 -0.07036,-0.02952 -0.068141,-0.020379 -0.094867,0.010675 0.03641,-0.041898 -0.053368,0.021326 -0.077738,0.052651 -0.049411,0.034013 0.074261,-0.020629 0.072683,0.001273 0.175425,0.023938 0.185546,0.031905 0.146838,0.043103  
-0.270428,-0.031365 -0.299848,-0.006004 -0.275084,0.020944 -0.271915,0.044482 -0.275644,0.058814 -0.193327,0.049933 0.005267,0.104094 0.063709,0.113257 0.270927,0.109181 0.318719,0.089477 0.258717,-0.03779 0.226983,-0.05777 0.184595,-0.079291 0.1229,-0.099859 0.068702,-0.115121 -0.031305,-0.124153 -0.045067,-0.108675 -0.099861,-0.037207 -0.063996,-0.027448 -0.061466,-0.017552 -0.102193,0.012631 0.039848,-0.039711 -0.064612,0.021277 -0.093603,0.054631 -0.066849,0.035803 0.078846,-0.015979 0.07812,-0.00246 0.16726,0.021063 0.170103,0.02972 0.1605,0.03508  
-0.269864,-0.031592 -0.299024,-0.002547 -0.274201,0.022133 -0.272208,0.042877 -0.277889,0.059506 -0.192658,0.050936 0.005542,0.105224 0.059947,0.114509 0.269104,0.109677 0.317613,0.088064 0.26181,-0.038171 0.227551,-0.057735 0.185488,-0.079827 0.123889,-0.099946 0.071233,-0.115725 -0.02647,-0.123102 -0.044334,-0.10851 -0.098376,-0.040231 -0.064414,-0.027616 -0.063094,-0.019216 -0.10575,0.011435 0.037206,-0.040175 -0.065716,0.021052 -0.093875,0.054197 -0.065341,0.034692 0.079956,-0.016531 0.078585,-0.000444 0.165216,0.021259 0.170526,0.030403 0.15955,0.035403  
-0.265407,-0.029685 -0.300431,-0.004457 -0.27584,0.022072 -0.275554,0.043239 -0.278359,0.058891 -0.192605,0.049735 0.004475,0.104125 0.063943,0.114171 0.267943,0.110207 0.317791,0.087581 0.259622,-0.03886 0.228532,-0.059096 0.183739,-0.079091 0.122842,-0.100593 0.070728,-0.114372 -0.026663,-0.125946 -0.043848,-0.107806 -0.099293,-0.03886 -0.064125,-0.029121 -0.062325,-0.017667 -0.102571,0.010288 0.039836,-0.038974 -0.066419,0.022578 -0.094975,0.05495 -0.065064,0.036462 0.079875,-0.014826 0.07809,-0.003843 0.166726,0.019889 0.169611,0.032795 0.159724,0.036214  
-0.272731,-0.036211 -0.311326,-0.002483 -0.289027,0.023769 -0.283968,0.042855 -0.283978,0.058223 -0.184482,0.04767 0.012896,0.103004 0.080382,0.113396 0.262875,0.101916 0.310907,0.079554 0.253898,-0.031 0.214475,-0.05606 0.172838,-0.07727 0.119967,-0.099045 0.069235,-0.116236 -0.026572,-0.12047 -0.045274,-0.102829 -0.106516,-0.044948 -0.070885,-0.030359 -0.068471,-0.02016 -0.093974,0.010341 0.051121,-0.039799 -0.048333,0.023897 -0.081974,0.054315 -0.048852,0.034997 0.090722,-0.016131 0.092169,-0.000486 0.164818,0.023305 0.170853,0.036931 0.149207,0.039315  
-0.268891,-0.033608 -0.307147,-0.003953 -0.278415,0.021282 -0.275128,0.042865 -0.280522,0.057836 -0.192419,0.048722 0.024002,0.10477 0.065714,0.111419 0.281891,0.103443 0.32476,0.077119 0.253334,-0.030241 0.216329,-0.052116 0.169977,-0.07693 0.112815,-0.097686 0.065273,-0.110426 -0.031719,-0.126436 -0.046362,-0.115647 -0.0991,-0.03825 -0.067422,-0.027279 -0.065927,-0.022027 -0.10363,0.01139 0.044739,-0.03796 -0.059589,0.022271 -0.081647,0.051359 -0.05499,0.036706 0.082861,-0.015906 0.084643,0.000471 0.166319,0.024633 0.171907,0.034355 0.148345,0.039826  
-0.272338,-0.033458 -0.306716,-0.004216 -0.280812,0.025864 -0.278801,0.04705 -0.281318,0.059967 -0.195112,0.052232 0.009038,0.099314 0.067486,0.110194 0.269161,0.113609 0.321864,0.090786 0.256747,-0.034192 0.222056,-0.058504 0.171031,-0.082873 0.119517,-0.098465 0.069881,-0.115113 -0.038942,-0.129555 -0.051186,-0.121371 -0.09685,-0.034909 -0.0647,-0.028846 -0.060582,-0.019151 -0.092323,0.012054 0.050725,-0.039982 -0.05062,0.022828 -0.080495,0.052883 -0.050699,0.039118 0.086156,-0.019984 0.085189,-0.006752 0.158109,0.02454 0.164875,0.036226 0.149659,0.040704  
-0.267675,-0.034328 -0.300829,-0.005732 -0.276725,0.022432 -0.268892,0.046306 -0.272974,0.0606 -0.187125,0.052818 0.017997,0.11507 0.083067,0.127767 0.262028,0.11657 0.310713,0.093456 0.262274,-0.03321 0.225485,-0.059063 0.168354,-0.088374 0.109337,-0.109073 0.061798,-0.126193 -0.050638,-0.13821 -0.065699,-0.122823 -0.112875,-0.040991 -0.073678,-0.02968 -0.069377,-0.01992 -0.095229,0.011655 0.037729,-0.043479 -0.055835,0.022947 -0.08028,0.056213 -0.05425,0.039686 0.087615,-0.016855 0.089443,-0.001491 0.173704,0.02499 0.182414,0.035551 0.160125,0.043361  
-0.274842,-0.03832 -0.300334,-0.010008 -0.276277,0.023362 -0.271612,0.046924 -0.273955,0.063293 -0.192198,0.052946 0.026694,0.113553 0.103099,0.123345 0.27998,0.114082 0.324372,0.096931 0.255418,-0.041869 0.219731,-0.062423 0.166757,-0.080668 0.117517,-0.105913 0.071021,-0.12305 -0.043758,-0.14123 -0.05932,-0.123564 -0.10715,-0.041136 -0.067157,-0.02811 -0.063861,-0.017528 -0.099728,0.014014 0.043654,-0.040489 -0.058653,0.023048 -0.077814,0.055496 -0.053906,0.039569 0.077043,-0.016327 0.076185,0.000394 0.158112,0.026716 0.16018,0.037043 0.140803,0.039917  
-0.26961,-0.038997 -0.303704,-0.00666 -0.276146,0.025243 -0.266612,0.051139 -0.273549,0.065528 -0.19022,0.053321 0.022015,0.109757 0.081812,0.120409 0.274123,0.11346 0.315062,0.093561 0.2561,-0.039117 0.217576,-0.060372 0.17554,-0.079267 0.11672,-0.101168 0.072637,-0.117449 -0.034399,-0.139361 -0.054006,-0.120207 -0.109857,-0.042008 -0.068667,-0.028894 -0.067344,-0.020095 -0.09833,0.011384 0.042991,-0.044495 -0.067416,0.021138 -0.087311,0.054593 -0.063334,0.037493 0.078427,-0.022512 0.08067,-0.003605 0.165655,0.028498 0.171397,0.03677 0.159777,0.041915  
-0.278438,-0.042216 -0.30856,-0.005444 -0.280058,0.024655 -0.271123,0.051496 -0.272328,0.066257 -0.182029,0.054329 0.026308,0.111216 0.072262,0.120189 0.277245,0.113883 0.317817,0.097896 0.251568,-0.035355 0.21685,-0.059096 0.167603,-0.085077 0.107003,-0.108545 0.061481,-0.123451 -0.049918,-0.146334 -0.063206,-0.133502 -0.103416,-0.04327 -0.065538,-0.030965 -0.059782,-0.021004 -0.090641,0.012686 0.044849,-0.041177 -0.048461,0.027102 -0.080131,0.059123 -0.049146,0.040425 0.079398,-0.017581 0.079648,-0.001062 0.167537,0.026894 0.169884,0.040706 0.163321,0.047222  
-0.269973,-0.04019 -0.306936,-0.004786 -0.271009,0.022969 -0.281369,0.047367 -0.286064,0.059067 -0.211646,0.04994 0.026693,0.106855 0.084464,0.118622 0.271885,0.109504 0.319248,0.089322 0.251645,-0.040943 0.212744,-0.062324 0.167011,-0.076515 0.108197,-0.096801 0.066861,-0.114147 -0.034133,-0.136778 -0.059755,-0.116201 -0.105064,-0.042004 -0.060674,-0.030788 -0.060952,-0.019852 -0.093179,0.012237 0.041404,-0.037003 -0.049869,0.023214 -0.066915,0.055002 -0.044245,0.039228 0.079069,-0.017263 0.075063,-1e-05 0.164036,0.026357 0.169565,0.035582 0.163897,0.04034  
-0.278577,-0.034753 -0.307691,-0.003509 -0.278698,0.023925 -0.274043,0.050187 -0.278592,0.067388 -0.183258,0.051931 0.007836,0.106342 0.084345,0.116284 0.26244,0.112832 0.312731,0.091165 0.260182,-0.036124 0.225276,-0.058576 0.185766,-0.081608 0.130627,-0.102846 0.085646,-0.120739 -0.033939,-0.139382 -0.054893,-0.116064 -0.103763,-0.043019 -0.065872,-0.03062 -0.066054,-0.020161 -0.09333,0.009895 0.046152,-0.04196 -0.059963,0.024384 -0.082893,0.056599 -0.057577,0.036839 0.082097,-0.017956 0.083995,-0.002541 0.155893,0.024364 0.158696,0.035393 0.137464,0.042331  
-0.273553,-0.039465 -0.302637,-0.007882 -0.274432,0.025093 -0.271158,0.048343 -0.274866,0.064388 -0.192875,0.052948 0.02855,0.113352 0.08044,0.120592 0.281248,0.115879 0.324612,0.097243 0.257438,-0.041295 0.219502,-0.063843 0.166843,-0.080768 0.12119,-0.105338 0.070527,-0.122158 -0.042452,-0.141649 -0.0548,-0.126088 -0.106345,-0.040507 -0.06481,-0.028411 -0.06449,-0.017108 -0.098482,0.011959 0.042965,-0.039758 -0.057777,0.022415 -0.078926,0.057124 -0.054703,0.039954 0.079794,-0.018901 0.078292,0.000445 0.158731,0.026658 0.161068,0.035656 0.141106,0.04112  
-0.273112,-0.04201 -0.301522,-0.003107 -0.274867,0.02588 -0.266723,0.051528 -0.272333,0.066149 -0.19034,0.053826 0.020677,0.108965 0.078009,0.117858 0.277036,0.112458 0.314814,0.094823 0.254719,-0.038128 0.218927,-0.058933 0.175829,-0.079481 0.115708,-0.101711 0.071905,-0.119398 -0.032885,-0.138271 -0.05471,-0.12235 -0.107984,-0.043776 -0.069767,-0.029758 -0.067362,-0.019365 -0.09949,0.010455 0.042151,-0.046525 -0.066148,0.022098 -0.087443,0.055256 -0.062094,0.038451 0.079739,-0.021306 0.079259,-0.002905 0.164432,0.027966 0.172602,0.038091 0.160972,0.043217  
-0.263725,-0.030228 -0.301373,-0.007525 -0.280654,0.024431 -0.273313,0.042268 -0.271908,0.057127 -0.197172,0.047686 0.024837,0.10162 0.084615,0.113169 0.275437,0.111632 0.325152,0.095107 0.25832,-0.029346 0.215439,-0.056592 0.164931,-0.079051 0.110417,-0.099156 0.05388,-0.116468 -0.042083,-0.127992 -0.05317,-0.115873 -0.107003,-0.031012 -0.072293,-0.024894 -0.069379,-0.016163 -0.100558,0.012488 0.041127,-0.040184 -0.058772,0.023344 -0.082327,0.047274 -0.04826,0.033818 0.074996,-0.022992 0.078203,-0.001319 0.174469,0.021609 0.175936,0.03003 0.164231,0.037192  
-0.289456,0.023971 -0.339603,0.009334 -0.30666,-0.020242 -0.308459,-0.036345 -0.309752,-0.046755 -0.222866,-0.043658 0.009841,-0.094623 0.096842,-0.104167 0.289115,-0.102504 0.341844,-0.088374 0.281805,0.032037 0.238825,0.052385 0.186571,0.078162 0.12958,0.088633 0.07835,0.100006 -0.018153,0.108728 -0.032772,0.102575 -0.103465,0.02729 -0.0753,0.020821 -0.073371,0.014464 -0.113495,-0.009712 0.049419,0.036837 -0.068184,-0.021573 -0.103437,-0.041853 -0.065813,-0.03269 0.083278,0.019842 0.086451,0.005541 0.1908,-0.017852 0.192382,-0.02712 0.175683,-0.033157  
-0.305604,0.022685 -0.341518,0.007837 -0.307884,-0.022156 -0.309516,-0.038899 -0.318067,-0.050686 -0.208729,-0.048167 0.009339,-0.097544 0.073179,-0.106759 0.29652,-0.102748 0.347686,-0.084536 0.283641,0.029075 0.243769,0.050213 0.195982,0.071672 0.134067,0.092813 0.073057,0.114401 -0.041014,0.129435 -0.044845,0.109572 -0.09834,0.039074 -0.065449,0.027012 -0.064616,0.016118 -0.097754,-0.014693 0.048274,0.03627 -0.059241,-0.023568 -0.093701,-0.051127 -0.058731,-0.035633 0.089443,0.015947 0.092087,0.00087 0.178407,-0.024147 0.180692,-0.029464 0.168865,-0.032869  
-0.267433,-0.037267 -0.292902,-0.008947 -0.271787,0.02254 -0.271129,0.047951 -0.272505,0.065603 -0.185145,0.054983 0.01742,0.118428 0.090885,0.13405 0.272542,0.119924 0.325527,0.093743 0.260622,-0.036762 0.220904,-0.065163 0.175729,-0.088395 0.122614,-0.101046 0.062492,-0.123521 -0.04622,-0.148921 -0.06484,-0.136833 -0.106572,-0.050793 -0.073052,-0.030885 -0.06924,-0.016928 -0.097815,0.017474 0.047434,-0.040913 -0.061298,0.028971 -0.087965,0.062162 -0.061809,0.042311 0.083111,-0.017201 0.082471,-0.00128 0.159849,0.023833 0.161348,0.034518 0.146764,0.038365  
