tread
'partial results for resampling (22 reps.)'
(0 (85 (86 (88 (87 ((1 89 )((72 (((66 ((64 ((((48 (34 ((10 (39 ((24 ((52 (27 (2 26 )))(15 21 )))(38 (56 57 )))))((49 ((75 78 )(81 83 )))(61 (62 65 ))))))((18 (31 84 ))(70 (68 69 ))))(28 (36 (40 41 ))))(8 50 )))((6 (4 (45 (11 90 ))))(43 67 ))))((71 (44 (19 (30 (58 (3 14 ))))))(22 (9 53 ))))(((76 ((35 (82 (25 (((12 (5 (17 (20 51 ))))((7 46 )(74 (55 59 ))))(42 (32 (73 (63 (23 54 )))))))))(16 (29 37 ))))(47 60 ))(13 33 ))))(79 (77 80 )))))))))*
(0 (82 (75 (78 (76 ((((25 (((9 ((66 (56 (57 ((70 ((((23 (1 (44 (30 45 ))))(4 54 ((26 27 )(50 63 ))))(49 ((58 (7 46 ))(29 61 ))))(68 69 )))((((12 (62 (((2 28 )(24 (55 (16 35 ))))(33 34 ))))((31 (83 90 ))(84 ((85 86 )(89 (87 88 ))))))(64 (38 (21 (15 48 )))))(74 (13 65 )))))))(18 (10 (8 (52 81 ))))))((20 (5 (36 (39 (40 41 )))))(77 (79 80 ))))(42 (22 (37 (11 14 ))))))(32 ((47 ((6 (3 59 ))(17 60 )))(43 53 ))))(51 71 ))(19 (67 (72 73 )))))))))*
(0 (85 (88 (86 ((1 (87 89 ))(75 (31 ((((67 ((62 (73 (63 (((38 (74 (60 ((15 (2 36 ))(80 (77 79 ))))))(32 47 ))(17 42 )))))(65 (19 (45 (30 44 ))))))(64 ((25 ((9 (((8 (37 ((48 (61 ((49 ((68 (3 58 ))(4 16 )))(29 ((((55 (35 (5 28 )))(20 24 ))(23 (50 (26 (27 (52 81 ))))))(7 46 )))((69 (33 34 ))(70 (54 59 ))))))(39 (40 41 )))))(10 (43 (11 14 )((13 22 )(56 57 )))))(12 72 )))(6 18 66 )))(71 (53 (51 (21 76 )))))))(84 (83 90 )))(78 82 )))))))))*
(0 ((86 (85 ((1 89 )(87 88 ))))(14 ((30 ((44 (13 ((64 ((18 (((8 ((50 ((26 (34 (2 (15 ((27 (20 ((7 46 )(39 55 ))))(24 81 ))))))(54 ((61 (5 23 ))((65 (((10 (12 (21 52 )))(62 (38 (74 (17 ((32 42 )(47 60 )))))))(56 57 )))((25 (51 (75 (76 (78 82 )))))(63 73 ))))))(4 (49 (77 (79 80 ))))(33 (16 35 )))(29 37 )))(70 (68 69 )))(48 (59 (28 (36 (40 41 )))))))(31 84 )))((9 (22 (43 53 )))(72 (67 (66 71 )))))))(45 (90 (83 (3 58 ))))))(19 (6 11 ))))))*
(0 (82 ((58 (78 (49 ((29 (((37 ((1 84 )(87 (89 (85 88 )))))((22 ((2 (76 (75 (31 53 ))))(4 (28 (48 ((18 (((11 (3 (6 14 )))(36 (40 41 )))(8 (13 44 ))))(33 (64 (9 72 )))))))))(25 ((47 (32 ((42 (5 73 ))(17 60 ))))(12 (10 61 ))))))((16 (86 (19 (30 45 ))))(71 (66 (43 67 ))))))(34 (((((7 ((46 (20 51 ))(55 63 )))(39 62 ))(56 57 ))((35 69 )(68 70 )))(((65 ((15 (21 24 ))(38 (80 (77 79 )))))(59 74 ))(54 ((23 (27 (52 81 )))(26 50 ))))))))))(83 90 ))))*
(0 (81 (83 (90 (((1 (89 (((31 84 )(85 86 ))(87 88 ))))(73 (((10 (12 (((25 ((34 ((2 ((24 (39 (55 (7 46 ))))(20 27 )))((48 ((36 (33 (35 (4 50 ))))(23 (5 (15 (80 (77 79 )))))))(28 ((40 41 )(59 (70 (68 69 ))))))))(26 54 )))(62 (63 (32 (17 42 )))))(38 (11 14 )))))(21 (52 (57 (56 (65 ((61 (29 (49 (16 (3 58 )))))(19 (51 74 )))))))))(71 ((18 (9 ((66 (6 ((67 (53 (22 43 )))(76 (47 60 )))))(72 (13 (8 37 ))))))(64 (44 (30 45 ))))))))(75 (78 82 )))))))*
(0 ((85 (88 (86 ((31 (1 84 ))(87 89 )))))(75 (78 (82 (76 (51 (3 (58 (61 (50 (((54 (26 (27 (20 (52 (15 ((2 28 )(21 24 ))))))))((29 (((71 (66 (((8 (6 (48 (37 (22 (4 11 ))))))(64 (13 ((9 (43 53 ))((14 (33 67 ))(72 (44 (45 ((59 81 )(83 90 ))))))))))(10 (18 25 )))))(70 (49 68 )))(69 (((41 (40 (36 (5 23 ))))((12 (73 (55 (32 ((17 63 )(42 ((38 (80 (77 79 )))(60 (47 74 )))))))))(30 (16 19 ))))(39 (62 (34 35 )))))))(65 (56 57 ))))(7 46 )))))))))))))*
(0 (85 (86 (75 (31 (((((71 ((6 (19 ((((65 ((((((24 ((2 ((((10 (12 (1 (88 (87 89 )))))((41 (61 (8 (((4 (16 (3 58 )))(29 (35 49 )))(76 (72 (13 (43 (44 (11 14 ))))))))))(28 36 )))(48 (22 37 )))(5 40 )))(15 21 )))(38 39 ))(((7 46 )(23 ((26 (27 50 ))(52 81 ))))(20 55 )))(56 57 ))(70 (68 69 )))(59 74 )))(62 ((34 (77 (79 80 )))(51 (78 82 )))))(54 63 ))(73 (32 (17 (42 47 60 )))))))(30 45 )))(18 25 ))(33 (66 (64 67 ))))(9 53 ))(84 (83 90 ))))))))*
(0 (85 (86 ((1 89 )((84 ((53 (9 ((31 ((30 ((19 (18 (25 (10 (((((20 ((26 ((61 (2 ((((8 (((3 58 )(36 (40 41 )))(59 (70 (68 69 )))))(33 (50 (35 49 ))))(4 16 ))(28 (29 37 )))))(34 54 )))(27 ((15 (5 (23 48 )))(24 (81 83 ))))))(39 (7 (46 55 ))))(56 57 ))(62 63 ))((12 ((74 (38 (17 (32 42 ))))(65 73 )))(21 52 )))))))((6 (72 (71 (66 67 ))))(((47 60 )(77 (79 80 )))(76 ((51 75 )(78 82 )))))))(13 14 )))(64 (44 (45 90 ))))))(43 (11 22 ))))(87 88 ))))))*
(0 ((75 ((83 (90 (84 (31 (50 (64 (((28 (48 ((10 (34 (1 (61 ((54 ((5 65 )(59 (12 ((17 (60 (38 (74 (42 (80 (47 (77 79 ))))))))(32 73 ))))))(26 27 ))))))(25 (2 ((24 (15 21 ))(52 (23 81 ))))))))(4 33 ))((37 (72 ((((8 (13 (6 ((3 (11 19 ))(14 44 )))))((51 (46 (20 (56 (39 ((7 57 )(62 (55 63 ))))))))(43 (67 (71 (66 (35 (69 70 (68 (16 (30 (45 49 ))))))))))))((22 76 )(36 (40 41 ))))(29 58 ))))(18 (9 53 ))))))))))(86 (85 (87 (88 89 ))))))(78 82 )))*
(0 (85 (86 (((31 ((1 (89 (87 88 )))(((((26 (2 (27 ((15 (21 24 ))(52 81 )))))(((39 ((((5 12 )((32 ((9 (22 (11 (19 (14 44 )))))(18 (62 (43 67 )))))(42 (25 (17 60 )))))(20 (55 (71 (59 74 )))))(7 (46 63 ))))(56 57 ))(70 (69 (68 (49 (30 45 )))))))(34 ((38 (3 58 ))(50 (80 (77 79 ))))))(61 ((4 16 )(37 ((72 ((33 (47 ((6 (53 73 ))(8 13 ))))(64 (65 66 ))))(51 76 )))(29 (35 (23 54 ))))))((10 (36 (40 41 )))(28 48 )))))(75 (78 82 )))(84 (83 90 ))))))*
(0 (82 (78 ((((53 (32 (((((12 (25 ((((1 (44 (30 (45 49 ))))(54 (8 ((23 (4 11 ))(26 (50 63 ))))))((19 (41 (6 (60 65 ))))(59 74 ))(29 61 ))(37 ((47 (22 (5 42 )))(40 48 ))))))(((10 (18 (64 (9 ((72 (13 73 ))(33 (87 89 )))))))((34 (84 (83 90 )))(38 (80 (77 79 )))))(14 17 )))(((7 46 )(((16 35 )(71 (69 (70 (66 (56 57 ))))))(43 67 )))(55 (62 (28 39 )))))(20 (2 (24 ((15 36 )(21 (31 86 )))))))(27 (52 81 )))))(68 (3 58 )))(51 76 ))(75 (85 88 ))))))*
(0 (85 ((14 ((((18 (25 (((10 (12 (1 89 )))(21 ((11 (5 15 )(22 (17 42 )))(37 48 ))))(38 ((62 (39 (55 (20 (7 (46 (((((((34 (2 24 ))((33 (50 (16 35 )))(28 36 )))(80 (77 79 )))(29 (61 (((72 (71 (67 (66 (8 (6 (13 (87 88 ))))))))(32 (51 (76 (75 (78 82 ))))))(19 73 )))))(4 23 ))(54 63 ))((26 27 )(52 81 )))))))))(57 (56 (65 (59 74 )))))))))((((49 (3 58 ))(69 (68 70 )))(40 41 ))(64 (44 (30 45 )))))(9 (31 47 )))(60 (43 53 ))))((83 90 )(84 86 )))))*
(0 (82 (78 (75 (76 (51 ((32 (53 (66 (73 ((72 ((9 (22 (64 ((18 (10 ((62 ((25 (12 ((1 (84 (86 (83 90 ))))(89 (87 (85 88 ))))))(63 ((17 (42 47 ))(60 (38 74 ))))))(65 (56 57 )))))(37 (8 ((39 ((28 (33 (2 (15 24 ))))(36 (49 (79 (77 80 ))))))(48 (34 (26 (((81 (68 (3 58 )))(20 27 ))((((54 (4 23 ))(61 (29 (16 (35 50 )))))((7 46 )(69 (70 (40 41 )))))(5 (55 59 ))))))))))))))(44 (13 (6 ((11 14 )(19 (30 45 ))))))))(71 (43 67 )))))))(31 (21 52 )))))))))*
(0 (78 (82 (75 (76 (51 (66 (33 (72 ((67 (64 (71 (65 (34 (61 ((((26 ((((7 (5 ((1 (89 ((31 85 )(87 88 ))))(((12 (38 (44 (((49 (68 (3 58 )))(45 (83 (90 (84 86 )))))(19 (30 ((6 (13 14 ))((8 (79 (77 80 )))(53 73 )))))))))((((63 (17 60 ))(32 (42 47 )))(74 (55 59 )))(25 62 )))(57 ((10 56 )(11 18 )))))))(20 (46 (23 (48 (40 41 ))))))(28 (36 39 )))(69 70 )))(27 (((2 24 )(15 21 ))(52 81 ))))(54 (35 (16 (29 37 )))))(4 50 ))))))))(9 (22 43 ))))))))))))*
(0 ((58 (3 (4 (((((18 ((22 ((72 (44 (((1 89 )(87 88 ))(19 ((6 (11 14 ))(30 45 ))))))(9 (53 (64 (43 (67 (66 71 ))))))))((8 13 )(37 76 ))))(10 (12 (52 (65 (21 ((62 (51 (63 ((((17 73 )(47 60 ))(32 42 ))(38 74 )))))(56 57 ))))))))(25 (78 (75 (82 (31 (84 ((83 90 )(85 86 )))))))))(61 (48 (2 (34 ((24 (5 23 (15 59 )))(39 (55 (20 (7 46 ))))))))))((28 (33 (16 (35 (69 (68 70 ))))))(41 (36 40 )))(29 (50 (54 (26 (27 (49 81 ))))))))))(79 (77 80 ))))*
(0 ((75 (78 (76 (67 (((9 (72 ((71 ((((((34 ((10 (1 61 ))(20 (46 (((54 (26 (2 27 )))(((((5 65 )(23 (15 (21 24 ))))(12 (31 73 )))(56 57 ))(62 (63 (32 (55 ((17 (47 (42 (77 80 ))))(60 (38 74 )))))))))((7 (59 (52 81 )))(39 (36 40 ))))))))(28 (50 (19 41 ))))(16 ((86 (84 (83 90 )))(87 (88 89 )))))((49 (8 (33 48 )))(29 37 )))(((18 25 )(35 66 ))(70 (68 69 ))))(4 (3 58 ))))(64 (44 (30 45 ))))))((6 (11 (13 14 )))(51 (22 79 ))))(43 53 ))))))(82 85 )))*
(0 ((85 (88 (1 ((25 (71 (((((((((28 (((2 (15 (24 (52 (21 31 )))))(27 81 ))(34 (62 (38 (10 (65 (56 57 ))))))))(26 50 ))(61 ((36 39 )(40 41 ))))(4 48 ))(69 (70 (49 68 ))))(64 (45 (83 (90 (84 86 ))))))(11 (43 67 )))(18 (66 (6 8 ))))((37 (((33 ((3 58 )(53 (51 76 ))))(29 (16 35 )))(59 ((7 (5 (20 (46 (55 ((42 (32 (((63 (73 (12 19 )))(47 74 ))(17 60 ))))(80 (77 79 ))))))))(23 54 )))))((9 (14 22 ))(72 (30 (13 44 ))))))))(87 89 )))))(82 (75 78 ))))*
(0 (78 (82 (68 (69 (83 ((70 (71 (((((2 (1 (88 ((84 86 )(85 (87 89 ))))))(34 62 ))((39 (((25 (10 (18 (((((40 ((4 (48 (17 (5 (23 (15 21 ))))))(22 (11 37 ))))(41 72 ))(67 (75 76 )))(((6 13 )(60 (36 (77 (79 80 )))))(8 47 )))(66 (9 (43 53 )))))))(32 42 ))(20 (52 81 ))))(55 ((7 38 )(12 24 )))))(57 (56 ((((65 (3 51 ))(59 74 ))(29 (16 35 )))((19 61 )(58 (46 63 )))))))(54 (26 27 )))))((30 (45 (44 (64 (73 ((14 28 )(31 33 )))))))(90 (49 50 ))))))))))*
(0 (82 (78 (75 (76 (2 ((((((18 (((36 (((1 84 )((34 35 )(49 (79 (77 80 )))))((69 (68 (70 (8 50 ))))((33 ((64 (9 72 ))((30 45 )(44 (73 81 )))))(31 (83 90 )))))(16 (88 (89 (87 (85 86 ))))))(29 (11 37 )))(10 (61 ((65 ((3 58 )(52 (15 (21 (5 23 ))))))((27 (26 54 ))(56 57 )))))))(66 71 ))(25 48 ))((4 22 )((6 19 )(43 53 ))))((28 (67 (13 14 )))(40 41 )))(12 (24 (59 (7 ((((17 32 )(42 ((38 74 )(47 60 ))))(55 63 ))(20 (46 (51 (39 62 ))))))))))))))))*
(0 (86 (85 (88 (87 ((1 89 )(((12 ((((5 (2 (((28 (29 (37 (11 (13 14 )))))(36 (40 41 )))(16 (35 (69 (68 70 )))))))(61 (((3 58 )((59 (48 ((4 23 81 )(24 (15 (33 34 ))))))(39 (7 (20 (46 55 ))))))(27 (26 (54 (50 (8 49 ))))))))(56 57 ))(((((6 19 )(66 71 ))(51 65 ))(75 (78 82 )))(((10 (21 52 ))(25 (18 62 )))(63 (17 (60 (38 ((32 42 )(74 (47 (77 (79 80 )))))))))))))(22 76 ))(72 (((9 (53 (43 67 )))(73 (44 (30 45 ))))(64 (31 (84 (83 90 )))))))))))))*
(0 ((85 (86 (88 ((1 (31 84 ))(87 89 )))))(75 (3 (76 (78 (51 (20 ((71 ((57 ((66 (18 ((10 ((((28 ((16 (2 25 ))(61 (4 (37 (22 (32 (42 (47 (17 60 ))))))))))(36 41 ))(19 (11 (6 (14 (30 45 ))))))(((8 (13 44 ))(64 (33 48 )))(72 (9 (53 (43 67 )))))))(40 (12 (5 73 ))))))(56 (35 39 ))))(((69 (7 (68 (24 ((27 (26 54 ))(52 81 ))))))(70 (65 (23 (59 (21 (15 (82 (38 74 )))))))))(62 (55 63 )))))(29 ((46 (34 (49 (77 (79 80 )))))(50 (58 (83 90 ))))))))))))));
