tread
'partial results for resampling (22 reps.)'
(0 (83 ((70 (69 (50 (((((66 (9 ((22 (47 60 ((73 ((12 (1 ((24 81 )(78 82 ))))(89 (23 48 ))))(17 (32 (42 (55 (63 (46 (80 (77 79 )))))))))))(43 ((53 ((6 (14 30 ))(8 13 )))(72 (67 ((76 (31 75 ))(40 41 )))))))))(71 (64 (44 (45 (85 (86 (84 90 ))))))))(18 (25 (2 (10 ((((57 (56 (((11 (19 (3 58 )))(5 61 ))((65 (51 (29 (16 35 ))))(59 74 )))))(26 54 ))(62 (39 (34 (7 38 )))))((52 (15 21 ))(20 27 ))))))))((28 33 )(36 (87 88 ))))(4 37 )))))(49 68 ))))*
(0 (3 (58 (2 (27 (20 (((34 (26 ((28 ((((18 ((25 (10 ((12 (1 (89 ((85 86 )(87 88 )))))((62 (63 (73 (32 (42 ((17 (47 60 ))(38 74 )))))))(57 (56 (65 (21 52 ))))))))(((9 (72 (44 (13 (14 (45 (30 (6 (19 (11 22 ))))))))))((64 (31 (84 (83 90 ))))(43 53 )))(66 (67 (71 (76 (51 (78 (75 82 ))))))))))(8 37 ))(49 (((33 (50 (35 (29 (4 16 )))))(79 (77 80 )))(70 (68 69 )))))(36 (40 41 ))))(48 (5 23 )))))((55 (7 46 ))(39 (61 (54 59 )))))(81 (15 24 )))))))))*
(0 (85 (86 ((89 (84 (35 ((34 (5 ((23 (28 (39 (36 (41 (40 (73 (1 12 ))))))))(62 (55 ((20 ((((2 24 )(21 31 ))(15 (32 (53 (51 (76 (75 (78 82 ))))))))(27 (52 81 ))))((((38 ((65 (((61 ((4 (49 (68 (3 58 ))))((((((22 (6 11 ))(43 67 ))(8 66 ))(10 18 ))((64 (13 (9 ((44 ((14 (19 30 ))(45 (83 90 ))))(33 72 )))))(48 70 )))(25 (71 (29 37 ))))))((26 50 )(54 63 )))(80 (77 79 ))))(56 57 )))(59 74 ))(47 (42 (17 60 ))))(7 46 ))))))))(16 69 )))))(87 88 )))))*
(0 (78 (82 ((59 (54 (((((61 (((((72 ((31 (1 (89 ((85 (84 86 ))(87 88 )))))(12 ((13 (3 5 ))(44 73 )))))(64 (((9 ((6 (19 (30 45 )))(((53 ((11 14 )(22 43 )))((63 (32 (17 42 60 )))(62 67 )))(25 (47 (75 76 ))))))(10 18 ))(66 71 ))))(8 37 ))(4 16 ))(36 ((48 (2 28 ))(40 41 )))))(29 ((15 (35 (33 34 )))(50 (80 (77 79 ))))))(69 70 ))((49 68 )(58 (83 90 ))))(39 (((55 (20 (7 46 )))(24 ((38 (21 (65 (57 (52 56 )))))(23 81 ))))(26 27 ))))))(51 74 )))))*
(0 (86 (85 (88 (89 (87 (1 (84 (31 ((((21 ((2 24 )(((12 (((44 (14 45 ))(19 30 ))((23 (28 62 ))(48 59 ))))(73 (55 ((32 ((17 60 )(47 74 )))(63 (38 (42 (80 (77 79 )))))))))(76 (78 82 )))))(69 (70 ((71 (37 (((((61 (3 58 ))(34 50 ))(29 (15 65 )))(4 (16 (49 68 ))))(26 27 ))))(57 ((((5 36 )(35 39 ))(56 (18 (((6 (40 41 ))(((54 ((7 46 )(20 51 )))(22 25 ))((11 75 )((43 67 )(53 81 )))))(8 10 )))))(52 66 )))))))((13 (9 64 ))(33 72 )))(83 90 )))))))))))*
(0 (78 (82 (25 ((26 (2 (27 ((((12 (((1 (89 (87 (88 (85 86 )))))(65 (73 (5 23 ))))(32 (74 (42 (17 ((20 51 )(30 45 ))))))))(((7 (46 (61 (80 (49 (77 79 ))))))(38 63 ))(62 (57 (56 (39 (10 (52 (75 81 )))))))))(55 59 ))(24 (15 21 ))))))(54 (60 ((16 ((33 (34 (50 ((13 (3 58 ))(83 (90 (31 84 )))))))(((8 (((((4 22 )(64 (9 72 )))((6 (53 (14 (19 44 ))))(43 (67 (66 71 )))))(18 (11 40 )))(36 41 )))(28 48 ))(47 76 ))(29 37 )))(35 (70 (68 69 )))))))))))*
(0 ((33 (35 (50 (((70 ((31 (64 (45 (44 (30 (72 (9 (71 ((87 (1 89 ))(85 88 (84 86 )))))))))))(28 48 )))(69 (((34 (((27 (15 (5 (23 58 ))))(90 ((65 (56 (52 (10 (66 (18 (8 (36 (40 (41 (11 (6 (13 (14 (19 (76 (22 (53 ((75 (39 81 ))(43 67 ))))))))))))))))))))(21 57 ))))(24 (59 (20 (7 (46 (51 ((12 (25 (82 (62 78 ))))(63 (73 ((17 (42 (32 (47 60 ))))(55 (38 74 ))))))))))))))(26 54 ))(49 (68 83 )))))(4 ((2 61 )((3 16 )(29 37 ))))))))(79 (77 80 ))))*
(0 (85 (82 (78 (75 ((66 ((67 (((18 (((48 (4 (33 (37 (29 (16 (35 (((20 ((55 (59 (74 (47 ((((1 (19 (12 73 )))(63 (62 ((10 (65 (52 (21 31 ))))(56 57 )))))(32 42 ))(17 (38 60 )))))))(7 46 )))((26 (27 (81 (2 (15 24 )))))((28 (36 39 ))(40 41 ))))(54 ((5 23 )((50 (34 61 ))(80 (77 79 )))))))))))))(70 (69 (49 (68 (3 58 ))))))(64 ((44 (13 (14 30 )))(45 ((83 90 )(84 86 )))))))(43 (11 22 )))(6 8 )))(25 ((9 72 )(71 (88 (87 89 )))))))(76 (51 53 ))))))))*
(0 ((83 (81 (59 ((((((36 (((((((64 ((12 (31 ((1 84 )(89 (85 86 )(87 88 )))))((44 ((5 (3 58 ))(13 (42 73 ))))(30 45 ))))(71 ((66 ((6 8 )(72 (67 (75 (51 76 ))))))((9 22 )(43 53 )))))(19 (14 (11 37 ))))(18 25 ))(10 (62 ((63 (32 (17 ((38 74 )(47 60 )))))((21 52 )(57 (56 65 )))))))(28 (33 48 )))(40 41 )))(46 (20 (39 55 ))))((54 (29 (61 (2 16 ))))(50 (35 (34 ((15 49 )(79 (77 80 ))))))))(26 27 ))(7 (24 (4 23 ))))(70 (68 69 ))))))(90 (78 82 ))))*
(0 (78 (82 (20 (55 (46 (((((((19 (75 (1 (89 (87 (88 ((31 85 )(84 86 ))))))))(42 (51 (39 (34 62 )))))(25 63 ))((10 (36 ((40 (41 (43 (11 (67 (4 28 ))))))(18 ((72 (71 ((9 66 )(53 58 ))))((16 (35 (22 (76 (80 (77 79 ))))))(29 37 )))))))(61 (56 57 ))))((((5 (65 (50 (33 ((64 (((3 (83 90 ))(68 ((30 44 )(45 49 ))))(6 (8 (13 14 )))))(69 70 ))))))((48 ((24 (15 21 ))(23 (52 81 ))))(17 ((38 74 )(47 60 )))))(12 73 ))(7 59 )))(2 32 ))(54 (26 27 )))))))))*
(0 ((1 ((24 ((55 ((((((27 (26 (54 (50 (8 ((29 (((16 (33 ((2 31 )(28 (36 (40 41 ))))))(34 35 ))((76 82 )(78 (90 (83 (84 86 )))))))((((58 (3 13 ))((64 (((43 (22 (4 11 )))(53 (6 (14 (19 (44 (30 45 )))))))(9 (66 (71 (67 (72 (87 88 ))))))))(18 25 )))(37 48 ))(69 (68 70 )))))))))(81 (63 (52 (10 (56 57 ))))))((15 (23 (5 21 )))((80 (49 (77 79 )))(61 (51 65 )))))(59 (74 (38 ((32 42 )(47 60 ))))))(17 20 ))(7 46 )))(39 62 )))(12 73 )))(75 (85 89 ))))*
(0 (78 (82 (75 (76 (31 ((((72 (1 (87 89 )))(62 67 ))(73 (12 (30 ((45 (14 ((86 (84 90 ))(85 88 ))))(19 44 ))))))((9 (53 ((63 (25 (18 (10 (52 (56 (57 ((71 (70 ((20 ((55 (35 ((((23 (2 21 ))(36 (5 (40 41 ))))(28 39 ))(69 (16 (34 (24 33 )))))))(7 46 )))((49 ((3 58 )(68 (81 83 ))))((((61 (37 (4 (15 48 ))))(50 (80 (77 79 ))))(29 (54 59 )))(26 27 ))))))((38 (74 (32 (42 (47 (17 60 ))))))(64 65 ))))))))))(43 ((8 (6 13 ))(11 22 ))))))(51 66 )))))))))*
(0 (78 ((76 ((((18 (25 (89 (10 ((39 ((55 (((20 (46 ((1 42 )(19 61 ))))(32 (27 (2 (26 (34 (28 (((48 ((((44 (58 (3 13 )))((30 (45 49 ))(68 (69 70 ))))((83 90 )(84 86 )))(8 (6 14 ))))(64 (33 (31 (82 85 )))))(50 (47 60 ))))))))))(7 ((23 (((17 (65 (5 73 )))(12 38 ))(24 (15 21 ))))((52 81 )(59 74 ))))))(62 63 )))(56 57 ))))))(66 (((71 (72 (4 67 )))((79 (77 80 ))(87 88 )))(9 (22 (43 53 ))))))(54 (36 (40 (11 41 )))))((16 35 )(29 37 ))))(51 75 ))))*
(0 (85 (75 ((82 (25 ((((13 ((72 (44 ((1 (84 (86 (83 90 ))))(88 (87 89 )))))(64 (9 (53 (14 (30 45 )))))))(37 (29 (((28 ((26 ((27 (15 (2 24 )))(54 59 )))((41 (40 (36 (5 23 ))))(81 (39 ((7 46 )(20 55 )))))))(50 (61 (34 49 ))))(4 48 ))(33 (3 58 ))(16 (35 (70 (68 69 )))))))(((22 (19 (6 11 )))(71 (66 (43 67 ))))(8 18 )))((73 ((63 (62 (57 (52 (10 56 )))))(12 (32 (17 ((42 (38 74 ))(60 (47 (77 (79 80 ))))))))))(65 (21 31 ))))))(78 (51 76 ))))))*
(0 ((20 ((55 ((((46 (((((29 (61 (((71 (84 (1 (89 ((85 86 )(87 88 ))))))(49 (68 69 70 ((3 58 )(83 (90 (30 45 )))))))(4 37 ))))(16 35 ))((50 (23 (5 (33 (15 (21 31 ))))))(65 (64 73 ))))(34 (54 63 )))(57 ((56 (10 (((72 (8 (13 44 )))(66 (9 18 )))(36 (77 (79 80 ))))))(52 81 )))))((7 (38 (17 ((42 (25 62 ))(47 60 )))))((12 48 )(59 74 ))))(26 27 ))(28 ((22 (((6 19 )(11 14 ))(43 (67 (53 (32 (51 (75 76 ))))))))(39 (40 41 ))))))(2 24 )))(78 82 )))*
(0 (20 ((39 ((2 (28 ((48 ((5 (69 ((((54 (((37 ((71 (((((1 84 )(89 (87 (88 (85 86 )))))(57 (65 ((64 (73 (90 (8 13 ))))((21 52 )(31 (78 82 )))))))(56 (10 18 )))(66 (((75 (11 (19 ((14 (6 12 ))(30 (44 45 ))))))(67 (43 53 )))(((22 (62 (32 (42 ((17 (38 60 ))(47 74 ))))))(51 76 ))(25 63 ))))))(9 72 )))(29 (16 36 )))(((34 35 )(80 (77 79 )))(58 61 ))))(26 27 ))(50 (23 (4 81 ))))(70 ((3 83 )(49 68 ))))))(15 33 )))(24 (7 59 )))))(40 41 )))(46 55 ))))*
(0 (85 (86 ((89 (1 (((12 ((((2 (21 24 ))(35 (34 62 )))(69 (28 ((40 (41 (16 (33 (67 (72 73 ))))))(36 39 )))))(((((48 (70 (68 (3 58 ))))(49 (15 (38 (74 ((17 63 )(42 (22 ((47 60 )(77 (79 80 )))))))))))(57 (((18 ((6 ((8 13 )(66 ((32 53 )(51 76 )))))(9 43 )))(11 37 ))(56 (10 (52 81 )))))(26 27 ))(7 (20 (46 ((61 (29 (54 (4 50 ))))(59 (65 (25 (64 71 )))))))))(5 (23 55 )))))(44 (14 (19 (30 45 )))))((31 (75 (78 82 )))(84 (83 90 ))))))(87 88 )))))*
(0 ((81 (24 (((((61 (((25 (1 12 ))((55 (23 48 ))(39 62 )))((7 59 )(46 (63 (17 47 ))))))(((((4 (16 (36 (87 (89 (88 (85 86 )))))))(28 (29 37 )))(34 (35 (84 (83 90 )))))(69 70 ))(26 54 )))(57 (56 (10 ((71 ((((65 (50 (3 (49 (79 (77 80 ))))))(5 13 ))(45 64 ))((41 (6 (22 ((42 (32 51 ))(60 (38 74 ))))))(11 19 ))))(18 (66 (9 ((72 ((8 33 )(44 73 )))((40 (14 30 ))(43 (67 (53 (76 (31 75 )))))))))))))))((2 58 )(15 (68 (21 52 )))))(20 27 ))))(78 82 )))*
(0 (75 (85 ((88 ((1 (((76 (22 (37 ((8 (28 (50 (26 ((38 ((57 (56 (65 (74 (((((2 61 )(19 (47 60 )))(3 16 ))((29 35 )(69 70 )))(58 (51 (78 82 ))))))))(39 (55 ((7 46 )(23 ((62 (34 (90 (63 (80 (77 79 ))))))(54 59 ))))))))((24 ((15 21 )(52 (68 (81 (49 83 ))))))(20 27 )))))))(48 ((4 11 )(36 (40 41 ))))))))(12 (10 ((25 (42 (73 (5 (13 (14 44 ))))))(17 32 )))))(72 (33 ((9 (53 (6 (43 67 ))))(64 (18 (66 (71 (30 45 ))))))))))(87 89 )))(86 (31 84 ))))))*
(0 ((85 (1 (89 (87 88 )))(84 86 ))(75 (31 ((78 (64 (((12 ((21 (24 (2 (((28 (((48 ((49 (4 (16 (3 58 ))))((29 37 )(35 (33 (69 (68 70 )))))))(26 (15 27 )))(((7 46 )(80 (77 79 )))(50 61 ))))(23 (34 54 )))(39 ((5 20 )(41 (36 40 ))))))))(((((25 (51 ((66 (67 (43 ((8 (13 (6 (11 14 ))))(22 (76 (44 72 )))))))(71 (18 (9 53 ))))))(63 (32 (42 (74 (47 (17 60 )))))))(10 56 ))(52 (81 (55 59 ))))(38 57 ))))(65 (73 (19 62 ))))(30 45 ))))(82 (83 90 )))))))*
(0 (31 (82 (85 ((1 84 )((89 (86 (75 (78 (25 (10 (34 ((2 (24 (((23 ((65 ((5 73 )(42 (19 58 ))))(21 52 )))(17 (48 (49 (14 (45 (90 (81 83 ))))))))(15 38 ))))(12 ((20 (((7 (46 (51 ((16 ((3 53 )(((4 (29 37 ))(76 ((((6 (8 (30 (13 44 ))))((28 (36 ((47 60 )(80 (77 79 )))))(40 41 )))(11 18 ))(72 (9 (33 64 ))))))(50 (22 35 )))))(71 ((66 (43 67 ))(69 (68 70 ))))))))(55 (59 74 )))(39 ((56 57 )(62 63 )))))((54 (26 27 ))(32 61 ))))))))))))(87 88 )))))))*
(0 (31 ((85 (((1 89 )(87 88 ))(84 86 )))(75 (82 (78 (76 (51 (66 (71 ((((61 ((((5 (33 (2 (24 (15 (65 (21 52 )))))))(34 (((20 (7 46 ))(55 (39 (62 (63 (56 57 ))))))(16 35 ))))(28 36 ))(40 41 )))(29 37 ))(((3 58 )(79 (77 80 )))(((48 (8 (4 (50 (23 (81 (54 (26 27 ))))))))(59 (47 (74 (38 ((17 60 )(32 42 )))))))(69 (70 (49 68 ))))))((18 (9 (72 (64 ((6 ((53 ((11 22 )(43 67 )))(13 14 )))(((73 (12 19 ))(44 (30 45 )))(83 90 )))))))(10 25 )))))))))))));
