tread
'partial results for resampling (15 reps.)'
(0 (82 (78 (75 (76 (51 (32 (42 47 ((12 (14 (8 13 ((43 ((9 (((64 (37 (((87 (1 89 ))(88 ((31 86 )(84 85 ))))(((16 (35 ((50 (49 ((3 58 )((79 (77 80 ))(83 90 )))))(((65 (74 (59 (55 ((7 46 )(20 39 ))))))(56 57 ))(54 (26 27 )))(29 (68 69 70 )))))((5 61 )(36 (40 41 ))))(72 (44 (30 45 )))))))(18 ((67 (33 ((28 (2 (24 ((15 21 )((23 (52 81 ))(62 (34 (38 63 ))))))))(4 48 ))))(25 (10 (17 60 ))))))(66 71 )))(11 22 )))(6 53 )))))(19 73 ))))))))))*
(0 (82 (78 (75 (76 (51 (52 (25 ((12 ((10 ((71 (((90 (84 (31 (1 (88 (87 89 (85 86 )))))))(44 ((64 (9 72 ))(13 45 ))))(73 ((14 67 )(43 53 )))))(18 (66 ((8 (((70 (((26 ((((2 24 )(20 27 ))((54 (7 46 ))(55 59 )))(34 (61 (49 (3 58 ))))))(((16 29 )(35 50 ))(33 (81 83 ))))(68 69 )))((41 (40 (4 ((5 15 )(23 48 )))))(28 39 )))(36 (79 (77 80 )))))(30 (6 19 )))))))((21 (22 (11 37 )))(56 (57 65 )))))(62 (63 ((42 (17 (47 60 )))(32 (38 74 ))))))))))))))*
(0 (82 (83 (90 ((75 (31 (84 (86 (85 ((1 89 )(87 88 )))))))(78 (81 (24 (((69 ((2 ((28 (4 48 ))(64 ((((43 ((6 (11 45 ))(30 (14 (9 ((12 ((((13 72 )(73 (53 (32 76 ))))(22 (42 47 )))(25 (60 (17 63 )))))(37 (44 71 ))))))))(40 41 ))(8 (66 67 )))(10 18 )))))((70 (57 (56 (65 ((29 (16 ((5 (19 (3 58 )))(36 61 ))))(51 74 ))))))(49 (39 (62 (15 (34 38 ))))))))((20 ((46 (7 59 ))(54 (55 ((23 33 )(35 (77 (79 80 ))))))))(68 (27 (26 50 )))))(21 52 ))))))))))*
(0 (78 (82 (12 ((59 ((7 (62 (((39 ((66 (10 (18 (36 (25 ((8 (((64 (72 (9 (33 (((1 (89 (87 (88 (85 86 )))))(31 84 ))(73 (13 (14 (45 (49 (83 90 )))))))))))((43 67 )(44 53 )))(40 81 )))((41 (22 (11 (6 (19 (3 (30 58 )))))))(75 76 ))))))))(52 56 )))(57 (35 (70 (68 69 )))))(((27 ((2 (26 54 ))(50 (34 (29 (61 ((28 (4 48 ))(37 (16 71 )))))))))(5 65 ))(15 21 )))))(20 (46 51 ))))(24 (23 (((32 (17 (42 47 )))((38 74 )(60 (77 (79 80 )))))(55 63 )))))))))*
(0 ((85 (86 (31 (84 ((1 (89 (87 88 )))((((2 (24 (20 ((((((61 (4 16 ))(29 (54 (23 50 ))))((15 (49 (77 (79 80 ))))(65 (33 (51 (78 82 ))))))(((35 (21 57 ))(34 (69 (68 70 ))))(26 27 )))(7 46 ))(59 (55 (38 74 )))))))(28 48 ))(62 (63 (32 (17 (42 47 60 ))))))(71 (64 (((((12 (44 (14 (11 ((6 (3 58 ))(19 (30 45 )))))))(39 (40 41 )))(22 43 ))(37 (10 ((5 36 )(56 (52 81 ))))))(18 (9 (66 ((8 (13 (72 73 )))(25 (67 (75 (53 76 )))))))))))))))))(83 90 )))*
(0 (82 (78 (12 (((73 ((1 (31 (86 ((88 (89 (64 87 )))(84 85 )))))(45 65 )))(((((2 15 24 )(27 (26 54 )))(((((((49 (3 50 ))(79 (77 80 )))(58 (83 90 )))(61 (34 (7 46 ))))(29 37 ))(16 (33 (28 (4 (23 48 ))))))(35 (68 69 70 ))))(21 57 ))(56 (10 (71 (((9 ((19 (22 (6 (51 ((41 ((5 36 )(40 (20 (39 ((52 81 )(55 59 )))))))(11 (13 14 )))))))((43 67 )(53 (75 76 )))))(72 (44 (8 30 ))))(18 66 )))))))(25 ((((17 60 )(32 (42 47 )))(38 74 ))(62 63 ))))))))*
(0 (3 (58 (20 (27 (2 (((55 ((((62 (25 ((42 (10 (1 (71 ((((18 ((6 (13 (64 (45 (44 (14 (8 30 )))))))(19 (22 (11 37 )))))(9 72 ))(43 67 ))(84 90 ))))))(63 (73 (12 ((17 47 )(60 (74 (38 65 ))))))))))(66 (((21 52 )(31 82 ))(32 ((51 (76 (75 78 )))(53 (86 (88 (87 (85 89 ))))))))))(56 57 ))(35 39 )))(((29 ((61 (4 16 ))(28 ((40 (33 (48 (5 23 ))))(41 (36 (80 (77 79 ))))))))((50 (((7 59 )(69 70 ))(49 83 )))(34 46 )))(26 54 )))((15 24 )(68 81 )))))))))*
(0 (82 (78 (75 (76 (((40 (((((10 (((1 (89 ((31 (85 (84 86 )))(87 88 ))))(61 (54 73 )))(36 ((18 (64 (9 (((58 (3 13 ))((30 (45 49 ))(44 (83 90 ))))(((37 (29 (16 (35 (33 50 )))))(66 71 ))(72 (79 (77 80 ))))))))(70 (68 69 ))))))(21 ((((65 (5 11 ))(56 57 ))(26 27 ))(15 34 ))))(25 48 ))((2 (24 (52 (23 81 ))))(62 (38 (42 (32 60 ))))))(12 (59 (((7 (55 (17 63 )))(20 46 ))(39 (51 74 )))))))(19 41 ))(((28 (4 67 ))(14 (22 (43 53 ))))(47 (6 8 )))))))))*
(0 (82 (78 (75 (31 ((64 ((1 (87 (89 (88 (85 86 )))))(44 (13 ((14 (53 (((35 (((65 (((24 ((2 (26 27 ))(52 81 )))(15 21 ))(38 (34 (49 (61 (50 ((28 (4 48 ))(10 (36 (41 (8 (6 (18 (11 40 )))))))))))))))(5 23 ))((((7 55 )(63 (62 ((57 (39 56 ))((66 (43 67 ))(70 (68 69 )))))))(((51 (16 71 ))(19 (30 45 )))(20 46 )))(54 (59 (12 ((25 73 )(74 (32 60 )))))))))(37 (29 (3 58 ))))(22 (76 ((17 42 )(47 (77 (79 80 )))))))))(72 (9 33 )))))))(84 (83 90 ))))))))*
(0 (85 ((((1 (40 (31 (84 (83 90 )))))((5 (23 (73 (14 44 ))))(12 (19 (30 (45 86 ))))))((((2 (21 24 ))(34 (62 (69 (39 (35 55 ))))))((((10 (17 (47 (74 (22 (42 ((3 58 )(13 53 ))))))))((48 (((4 (61 (((25 (32 (54 59 )))(71 (51 66 )))(29 37 ))))(50 (65 (15 (60 (80 (77 79 )))))))(6 8 )))((9 (43 (64 81 )))(11 18 ))))(26 27 ))((20 (46 (7 63 )))((52 (70 (38 (49 68 ))))(56 57 )))))(41 (28 36 ))))(89 (88 (87 (16 ((72 (33 67 ))(82 (76 (75 78 )))))))))))*
(0 (86 (85 (88 ((87 ((1 84 )(71 ((64 (((((((21 (15 (2 35 )))(5 (36 40 )))(52 ((56 57 )(65 66 ))))(24 ((((7 (12 25 ))(55 59 ))(39 (38 (60 74 ))))(26 27 ))))(70 (68 69 )))((8 50 )(61 (16 (29 37 )))))(10 34 )))((((9 ((44 (19 ((3 14 )(6 11 ))))(((81 (18 62 ))(73 (32 (54 (23 63 )))))(43 53 ))))(33 72 ))((22 (((82 (75 ((4 67 )(78 (83 90 )))))(76 (80 (77 79 ))))((13 51 )(42 47 ))))((46 (17 20 ))(41 (28 48 )))))(58 (30 (45 49 ))))))))(31 89 ))))))*
(0 (78 (82 (75 (76 (51 (53 (52 (24 (27 (81 (20 ((((59 (25 ((66 (64 ((((72 ((30 (45 (83 (90 (84 (86 (88 (87 ((1 89 )(31 85 ))))))))))(13 (44 73 ))))(10 (57 (56 (65 (26 ((16 35 )(29 61 ))))))))(18 (9 71 )))((54 (69 (34 (33 ((5 23 (21 (15 (2 36 ))))(4 37 ))))))(70 ((68 (3 58 ))(8 (49 (79 (77 80 ))))))))))((6 (19 (12 14 )))((43 (11 22 ))(62 67 ))))))((28 39 )(41 (40 48 ))))(55 ((17 (42 (60 (47 74 ))))(32 (38 63 )))))(50 (7 46 )))))))))))))))*
(0 (78 ((((1 42 )(89 ((64 (31 (84 ((83 90 )(85 86 )))))(87 88 ))))((32 ((25 ((24 ((((57 (56 ((2 (61 (29 (16 (3 (19 58 ))))))(65 (51 74 )))))((21 (5 23 ))(10 52 )))((((50 ((36 ((4 28 )(40 41 )))(37 (71 ((((30 ((6 11 )(14 45 )))(8 (13 44 )))(((22 76 )(47 60 ))(53 (43 67 ))))((9 (33 72 ))(18 66 )))))))(35 (68 69 70 )))(26 27 ))(54 (34 ((15 49 )(80 (77 79 )))))))(20 (55 (7 46 )))))(38 (39 62 ))))(63 (17 48 ))))(12 73 )))((59 81 )(75 82 )))))*
(0 (85 (88 ((1 ((29 (((((66 (18 ((8 ((10 (39 (52 (56 (57 ((34 (62 (49 ((2 24 )(28 38 )))))((50 (26 27 ))(61 65 ))))))))(36 ((41 (6 11 ))(40 (81 (43 67 )))))))((((4 86 )(48 (15 21 )))(70 (68 69 )))(31 (45 (64 (84 (83 90 )))))))))(((9 (73 (44 72 )))(33 (53 (13 14 ))))(79 (77 80 ))))(30 (3 58 )))(16 71 ))(((((7 46 )(55 (12 20 )))(32 (63 ((42 (17 60 ))(47 74 )))))(59 (19 54 )))(25 (82 ((51 76 )(75 78 )))))))(37 ((5 23 )(22 35 )))))(87 89 )))))*
(0 (75 (82 (78 (76 (51 (((66 (8 (((((61 (54 (((71 ((64 (45 ((1 ((88 (86 (84 85 )))(87 89 )))(31 (83 90 )))))(69 70 (68 (49 (3 58 ))))))(21 ((52 (10 18 ))((28 ((38 (17 60 ))(24 (23 48 ))))(62 (25 63 )))))(56 57 ))(2 (26 27 )))))(50 (5 65 )))(34 (4 15 )))(36 (79 (77 80 ))))((16 35 )(29 37 )))))(72 (73 (9 (67 (33 81 ))))))((6 19 )((30 (12 ((47 (74 (59 (7 ((20 39 )((40 41 )(46 55 )))))))(32 42 ))))((11 22 )((44 (13 14 ))(43 53 ))))))))))));
