tread
'partial results for resampling (17 reps.)'
(0 ((1 (89 ((85 86 )(87 88 ))))(((14 (12 (((23 ((34 ((2 24 )((55 (((20 (((27 (26 (((49 (68 (3 58 )))(70 (37 48 )))(((8 (4 29 ))(50 (77 (79 80 ))))(61 (54 59 ))))))((10 ((63 (43 ((66 (71 (51 (65 (6 13 )))))((9 (25 (11 22 )))(18 64 )))))(56 57 )))(52 (53 (32 (42 ((17 60 )(47 (38 74 )))))))))(15 81 )))(7 46 ))(69 (33 (16 35 )))))(28 39 ))))(5 (36 (40 41 )))))(21 31 ))(73 (72 ((62 67 )(76 (75 (78 82 )))))))))(44 (30 (19 45 ))))(83 (84 90 )))))*
(0 ((85 (31 ((75 (76 (2 (((((25 ((10 (((1 89 )(39 (55 (((7 ((24 ((15 (21 58 ))(52 (27 (23 81 )))))(38 (74 (17 42 )))))(56 57 ))(20 46 )))))(5 12 )))(61 ((63 (32 73 ))((51 65 )(80 (77 79 )))))))(29 37 ))(16 (35 (33 (34 (54 (26 (8 50 ))))))))(((4 67 )(64 (66 71 )))(72 (87 88 ))))((28 ((18 ((9 (6 ((3 (19 (44 (30 45 ))))(11 14 ))))((22 53 )(43 62 ))))(48 (13 ((47 60 )(59 (69 70 (49 68 ))))))))(36 (40 41 )))))))(78 82 ))))(86 (84 (83 90 )))))*
(0 (82 (78 ((31 (85 ((88 (89 (87 (16 ((29 (58 (71 (35 ((((26 (27 (((28 (2 (12 ((32 (25 ((((9 ((72 ((1 (10 (36 (40 41 ))))(33 (44 (73 ((5 (3 13 ))(19 42 )))))))(8 (18 66 ))))(53 (43 (67 (75 76 )))))(22 (51 (6 11 ))))(47 (48 (30 (14 45 )))))))(63 (17 60 ))))))(55 (39 62 )))(((7 59 )(38 74 ))((24 (23 (15 21 )))(52 81 ))))))(20 46 ))((54 (34 ((49 (50 65 ))(80 (77 79 )))))(56 57 )))(69 (68 70 )))))))(61 (4 (37 64 ))))))))(84 86 ))))(83 90 )))))*
(0 (82 (78 (75 ((12 ((((71 (64 ((90 (1 ((89 (31 85 ))(87 (88 (84 86 ))))))((21 (52 (10 18 )))(65 (56 57 ))))))(66 (9 ((8 (37 (((33 ((28 (4 (2 (((55 (46 (20 (7 (39 (54 59 ))))))(40 41 ))((23 48 )(24 81 ))))))(15 34 )))(16 (35 ((50 (5 36 ))(26 27 )))))((29 (58 (83 (3 (49 (79 (77 80 )))))))(61 (69 (68 70 )))))))(72 (44 (13 73 )))))))(22 (53 (43 (67 ((63 (17 (60 (38 ((32 42 )(47 74 ))))))(25 62 )))))))(14 (30 (6 (45 (11 19 )))))))(51 76 ))))))*
(0 (78 (82 (75 ((((((((64 (45 (44 ((84 (1 (87 (89 (88 (85 86 ))))))(49 (83 90 ))))))(40 (73 (31 81 ))))(9 (43 53 )))(33 72 ))(67 (13 14 )))((4 (28 37 ))(48 (8 (6 30 )))))(22 (42 (41 (((10 (71 ((25 ((66 ((35 ((39 ((26 (12 ((24 (21 ((52 (15 (60 (2 36 ))))(27 68 ))))(38 (7 59 )))))(62 (54 ((23 32 )(55 63 ))))))(57 (56 (74 (5 65 ))))))(69 70 )))(11 18 )))((19 (3 58 ))(61 (16 (29 51 )))))))(20 (46 (34 50 ))))(17 47 ))))))(76 (80 (77 79 ))))))))*
(0 (81 (31 ((1 (89 ((85 (86 (84 (83 90 ))))(87 88 ))))((((59 (((26 (27 (((2 15 (24 33 ))(5 (50 (((3 58 )(79 (77 80 )))(34 61 )))))(54 (35 (29 (4 (16 ((49 68 )(69 70 ))))))))))(28 (((20 (55 (7 46 )))(36 39 ))(40 41 ))))(23 48 )))(38 (74 (60 ((17 47 )(32 42 ))))))(65 (21 ((57 ((10 (18 (37 (25 (22 (12 (((6 (11 19 ))(14 30 ))(8 (13 (73 ((9 72 )((43 67 )(53 (51 (76 (75 (78 82 )))))))))))))))))(56 (52 66 ))))(62 (63 71 ))))))(64 (44 45 )))))))*
(0 ((75 (31 (85 (((45 (30 (69 ((35 ((36 (2 (34 (5 ((21 (73 (1 89 )))(12 ((39 (((20 ((((27 ((54 (50 ((((3 58 )(70 (49 68 )))((4 (64 ((11 (18 (9 ((6 ((8 13 )(47 60 )))(22 (43 53 ))))))(66 71 ))))(79 (77 80 ))))(29 37 ))))(61 (65 (51 63 )))))(15 (81 (52 (10 (56 57 ))))))(26 (25 48 )))(59 ((17 (32 42 ))(38 74 )))))(7 46 ))(55 (23 24 ))))(19 62 ))))))))(28 (40 41 ))))(16 33 )))))(44 ((72 (76 (14 67 )))(87 88 ))))((83 90 )(84 86 ))))))(78 82 )))*
(0 ((85 (86 (88 (87 (89 (1 84 ))))))(75 (31 (78 82 (((73 ((10 ((61 ((((48 (33 ((21 (15 (24 (2 (32 (53 76 ))))))(3 58 ))))((28 (11 14 ))(29 37 )))(35 (4 ((8 (13 44 ))(50 (23 ((26 54 )(27 (52 81 )))))))))(5 (36 (59 (40 41 ))))))(34 (49 (77 (79 80 ))))))(65 (19 (12 (38 (47 (74 (42 (17 60 ))))))))))(64 ((18 ((6 22 )(25 (((63 (62 ((20 (39 (55 (7 46 ))))(56 57 ))))(43 67 ))(51 (((68 (16 (69 70 )))(30 45 ))(66 71 )))))))(9 72 ))))(83 90 )))))))*
(0 (82 (78 (75 (76 (25 (((72 ((1 (89 (((31 85 )(84 86 ))(87 88 ))))(9 ((64 (8 ((13 (3 5 ))(44 73 ))))(10 18 )))))(66 71 ))(37 (61 (16 (4 36 ))(29 ((((23 (33 (15 21 )))(50 65 ))(54 ((26 27 )((69 70 (49 68 ))(56 57 )))))((34 35 )(80 (77 79 ))))(58 (83 90 ))))))(((((48 ((2 28 )(40 41 )))(((7 ((46 (20 51 ))(39 55 )))(24 (52 81 )))(59 (38 74 ))))((6 ((11 14 )(45 (19 30 ))))(17 60 )))(12 47 ))((22 42 )((32 53 )(43 (67 (62 63 ))))))))))))*
(0 (3 (58 (((32 ((34 (((25 ((((72 (76 (8 (23 (52 (1 81 ))))))((29 (11 37 ))(36 (40 41 ))))((10 (39 (((20 (56 (57 (((((2 27 )(26 50 ))(28 (35 (22 (48 (5 (13 (14 (44 49 )))))))))((12 38 )(24 (15 21 ))))(61 80 )))))(43 55 ))(7 46 ))))(89 (87 88 ))))(18 (9 (((6 (19 (77 79 )))(53 73 ))(75 (71 (67 (51 66 )))))))))(64 (33 (31 (78 (82 85 ))))))(47 ((42 (17 (60 65 )))(59 74 )))))((69 70 ((30 45 )(68 86 )))(62 (54 63 )))))(4 16 ))(84 (83 90 ))))))*
(0 (14 ((44 (19 ((((10 ((28 (((24 ((38 ((60 ((25 (12 (73 ((1 (89 ((85 86 )(87 88 ))))(31 84 )))))(32 (17 42 ))))(65 (59 74 ))))((((7 ((57 (52 56 ))(62 63 )))(55 (39 (69 (68 70 )))))(20 46 ))(27 (26 (54 81 ))))))(15 (23 (35 (21 (2 5 ))))))(33 (34 (50 (49 (77 (79 80 ))))))))(36 (41 (40 48 )))))(((64 (37 ((61 (16 (3 4 )))(29 58 ))))(71 (66 (51 (67 (76 (75 ((78 82 )(83 90 )))))))))(72 (47 (8 (6 13 ))))))(9 18 ))((11 22 )(43 53 )))))(30 45 ))))*
(0 (((65 ((27 ((10 (61 ((12 (((25 (((4 ((36 (8 (((((1 84 )((88 (85 86 ))(87 89 )))((71 (16 (30 (66 (70 (68 69 ))))))(18 33 )))(72 (9 (43 (44 (53 (6 19 )))))))((76 (22 (47 (60 ((32 42 )(38 74 ))))))(35 (79 (77 80 )))))))(40 (41 50 ))))(28 (67 (11 ((13 14 )(29 37 ))))))(2 (24 (52 (15 21 ))))))(23 48 ))(54 59 )))(5 (73 (3 58 ))))))(((20 ((7 46 )(55 (17 63 ))))((39 49 )(62 (45 51 ))))(56 57 ))))(26 34 )))((75 (78 82 ))(83 90 )))(81 (31 64 ))))*
(0 (85 (86 (88 (87 (89 (1 (75 (51 (((12 (((((27 (54 (26 (50 (((28 (2 (34 (25 48 ))))((((58 (29 (35 (49 (3 16 )))))(70 (68 69 )))(13 ((76 (72 (64 (71 (67 ((30 (44 ((4 45 )(11 14 ))))(43 (6 (53 (22 (9 66 )))))))))))((31 (78 82 ))(84 (83 90 ))))))((8 37 )(18 33 ))))((36 (47 60 ))(40 41 )))))))(15 (80 (77 79 ))))(5 20 ))(39 ((7 46 )(55 59 ))))(((24 (21 (10 (52 (23 81 )))))(62 (63 (17 38 ))))(57 (56 (65 74 ))))))(73 (32 42 )))(19 61 )))))))))))*
(0 (53 ((88 ((1 (75 (((9 (10 (((62 (((54 ((26 (35 (2 27 )))((20 ((46 (50 ((49 ((3 58 )(83 90 )))(7 ((81 ((24 (15 (5 (23 (33 48 )))))(52 (21 (82 ((64 ((78 ((30 (6 45 ))(73 (44 ((8 (12 38 ))(13 14 ))))))(47 (17 60 ))))(65 74 )))))))(70 (69 (59 68 ))))))))(34 (80 (77 79 )))))(28 (((4 (36 (11 40 )))(22 37 ))(16 (29 (41 61 ))))))))(39 55 ))(56 57 )))(63 66 ))(18 25 ))))((19 71 )(42 (67 (43 72 )))))(32 (51 76 )))))(87 (89 (31 85 )))))(84 86 ))))*
(0 (3 (58 (((((61 (48 ((8 (10 ((((((76 (82 ((75 ((31 (1 84 ))(86 (85 (89 (87 88 ))))))(78 90 ))))(47 (42 (17 (60 (32 (38 74 )))))))(12 (25 ((63 ((30 (19 45 ))(51 71 )))(66 ((62 (43 67 ))(57 (52 56 ))))))))(37 (21 22 )))(64 (72 (9 ((53 (13 14 ))(44 73 ))))))(18 (65 (6 11 ))))))(41 (40 (36 (5 23 )))))))((50 ((26 ((2 24 )(15 27 )))(28 34 )))(4 (81 (49 83 )))))(29 (33 (16 (35 (55 ((7 (20 46 ))(39 (69 (68 70 ))))))))))(54 59 ))(79 (77 80 ))))))*
(0 (14 (30 (19 (12 (55 (((5 (((10 (25 (18 ((71 ((64 ((((1 84 )(89 (87 (86 (85 88 )))))(31 53 ))(90 (44 45 ))))(9 43 )))(11 22 )))))(56 57 ))(((((54 ((61 65 ((2 24 )((51 76 )(75 (78 82 )))))(50 (4 (((6 66 )(8 (79 (77 80 ))))((((67 (72 (13 73 )))(33 (81 83 )))(16 35 ))(29 37 )))))))(26 27 ))(69 (68 70 )))((7 59 )((20 (((42 (17 (32 63 ))(47 60 ))(38 74 ))(49 (34 62 ))))(46 (23 48 )))))((3 58 )(15 (21 52 ))))))(39 (28 36 )))(40 41 ))))))))*
(0 (85 (86 (88 (87 (89 (1 (84 (47 ((12 (37 ((((((28 (33 (2 (15 (24 (((21 (66 (51 52 )))(31 (76 (82 (75 78 )))))(32 53 )))))))(9 (36 39 )))(((8 (10 18 ))(72 (44 73 )))(40 41 )))(((3 58 )(83 (((19 (6 11 ))(30 45 ))(14 90 ))))(49 (77 (79 80 )))))(23 48 ))(59 ((((54 (34 (4 81 )))((((7 46 )(55 (20 ((62 (17 63 ))(57 (56 (71 (43 67 ))))))))(68 70 ))(16 69 )))(26 (27 (35 (50 (5 (22 (38 (65 ((13 42 )(60 74 )))))))))))(29 61 ))))))(25 64 )))))))))));
