tread
'partial results for resampling (9 reps.)'
(0 (31 (85 (86 (88 (87 (89 (1 (84 (37 ((29 ((((35 (59 ((36 (28 (2 (15 (((10 ((12 ((5 (39 (56 57 )))(20 (7 46 ))))(61 65 )))(34 (38 ((17 63 )(60 (42 47 (55 74 )))))))(24 (21 (52 (27 (26 50 ))))))))))(40 41 ))))((25 33 )(64 70 )))(48 ((22 (3 14 ))(72 (8 (((6 (43 (53 (((4 (75 (83 (90 (79 (77 80 ))))))(67 (76 (78 82 ))))(62 ((54 (23 81 ))(32 73 )))))))(9 (18 (11 (49 (19 44 ))))))(51 66 )))))))(13 58 )))(69 (71 (16 (68 (30 45 ))))))))))))))))*
(0 ((1 (84 (90 (83 (31 ((64 (71 ((37 ((((16 ((2 (24 (15 23 )))(33 34 )))(29 61 ))(4 (50 54 )))((3 49 )((58 (((41 (40 (5 35 36 )))(((7 39 )(55 (59 (52 81 ))))(20 46 )))(28 48 )))((26 27 )(70 (68 69 )))))))((22 (((67 (((6 19 )((8 (79 (77 80 )))(66 (65 73 ))))(51 (75 (76 (78 82 ))))))(13 (14 72 )))(43 (9 53 ))))((10 (18 25 ))((11 12 )(56 (57 (21 (62 (63 (38 (74 (32 (60 (17 (42 47 )))))))))))))))))(44 (30 45 ))))))))(85 (86 (89 (87 88 ))))))*
(0 (82 (78 (51 (75 ((19 ((1 12 )((((((23 ((34 (24 (15 (2 (28 (33 (4 18 )))))))((21 (10 (25 48 )))(62 (38 (63 (17 60 )))))))(52 81 ))(27 (26 50 )))(61 (((((3 58 )(83 90 ))(29 49 ))((((37 (((9 ((53 (6 11 ))(14 22 )))(8 13 ))(76 (31 47 (79 (77 80 ))))))(89 (87 (88 (86 (84 85 ))))))(44 72 ))(64 (((69 (16 35 ))(68 70 ))((71 (30 45 ))(66 (43 67 )))))))(36 (40 41 )))))(54 59 ))(74 (65 (57 (56 (39 ((20 (5 55 ))(7 46 ))))))))))(73 (32 42 ))))))))*
(0 (82 (78 (75 (51 (21 ((25 (10 ((1 89 )(12 73 ))))(((((7 (55 (24 (15 (2 5 )))))(((48 (61 ((((((3 58 )(83 (68 (69 70 ))))(49 (77 79 )))(29 ((4 50 )(35 (16 (28 33 ))))))(37 (((((66 (((6 19 )(67 (43 ((11 22 )(14 53 )))))(9 18 )))(64 71 ))(72 (((31 85 )(84 86 ))(87 88 ))))(76 (47 60 )))(13 (8 (44 (30 (45 90 ))))))))(36 (40 41 )))))(39 59 ))((20 (46 (34 80 )))(27 (26 (54 (23 81 )))))))(57 (56 65 )))(62 ((32 (17 42 ))(38 74 ))))(52 63 )))))))))*
(0 (78 ((82 (25 (59 ((65 (54 ((57 (56 (10 ((18 ((9 ((70 (68 (69 (((45 (84 (1 (89 ((85 86 )(87 88 ))))))(35 (34 ((15 (23 (5 21 )))(39 62 )))))(31 (83 90 ))))))((48 (22 (4 11 )))(37 64 ))))(66 ((8 (72 (16 (36 (33 (28 (14 67 )))))))((29 71 )(50 (49 (79 (77 80 )))))))))((58 (3 13 ))((6 ((19 (40 41 ))(30 44 )))(43 53 )))))))(((20 (24 (2 12 )))((26 27 )(52 81 )))((7 46 )((32 (17 63 ))(55 ((38 74 )(42 (47 60 ))))))))))(61 73 )))))(75 (51 76 )))))*
(0 (82 (78 ((((((((86 (89 (1 (84 85 ))))(87 88 ))(((2 36 (5 ((69 (70 (68 (83 (3 58 )))))((24 (28 (48 (59 (7 ((20 (26 27 ))(46 (55 (39 (40 41 ))))))))))(15 34 )))))(16 35 ))(37 (((54 ((50 (4 (81 (23 33 ))))(8 49 )))(29 61 ))(79 80 )))))(66 (64 65 )))(73 (72 ((9 (71 ((18 (10 (21 52 )))(11 (56 57 )))))(31 ((12 (14 (13 (53 (22 43 )))))(30 (44 (45 90 )))))))))((51 ((77 (74 (47 (38 (17 60 )))))(32 42 )))(25 (63 (62 67 )))))(75 76 ))(6 19 )))))*
(0 (85 (86 (84 (83 (90 (58 (30 (19 (3 ((79 (13 ((41 (((50 ((10 (61 (46 (7 ((((12 (1 (89 (87 88 ))))((23 (((2 24 )(15 21 ))(27 (52 81 ))))(26 54 )))(55 (63 (73 ((32 (74 (17 60 )))(38 (42 (80 (47 77 )))))))))((39 62 )(57 (56 59 ))))))))(34 49 )))(28 (37 (29 ((16 (71 (((64 (53 (9 (33 (72 (8 44 ))))))(43 67 ))(66 (68 (69 (70 (18 (48 (25 (78 (82 (31 75 )))))))))))))(76 (22 35 )))))))(4 (36 40 ))))((5 65 )(20 51 )))))(45 (6 (11 14 ))))))))))))))*
(0 (81 (24 (((27 (((10 (1 (89 ((85 86 )(87 88 )))))(56 57 ))(26 ((70 (69 (68 ((3 58 )(83 (84 90 ))))))(18 (9 ((43 ((4 (67 ((25 (((54 ((36 (61 (65 (5 (23 73 )))))(50 (34 (49 (77 (79 80 )))))))(29 (16 35 )))((37 (33 (8 13 )))(72 (64 (66 71 ))))))(78 (75 (76 (51 82 )))))))(6 53 )))(22 (11 (19 (14 (44 (30 45 )))))))))))))(15 (52 (21 31 ))))((48 ((2 28 )(40 41 )))((59 (20 ((63 (7 46 ))(55 (39 62 )))))(12 (17 (((32 42 )(47 60 ))(38 74 ))))))))))*
(0 (82 (78 (51 ((20 (46 ((((16 (((71 (72 (9 (1 (87 (89 (88 (85 86 ))))))))(((47 (60 (17 (42 (5 ((3 58 )(73 (13 44 ))))))))(12 (14 (19 30 ))))(22 25 )))(29 37 )))(35 (33 (50 ((34 (26 (((2 27 )(15 (24 ((21 68 )(52 81 )))))(62 (57 (56 (38 65 )))))))(49 (48 (((4 61 )(36 ((41 (((8 (6 45 ))(43 (11 (28 67 ))))(10 (18 66 ))))(39 40 ))))(64 ((31 75 )(84 (83 90 ))))))(69 70 )))))))(80 (77 79 )))((55 (7 (23 (59 74 ))))(54 63 )))))(53 (32 76 )))))));
