tread
'partial results for resampling (56 reps.)'
(0 ((75 (((1 89 )(87 (88 ((31 85 )(84 86 )))))(81 (24 ((51 (32 (2 76 )))(((3 58 )(21 (15 52 )))(20 (27 (((((26 (54 (34 (68 (69 (70 (29 ((((71 (4 64 )(66 (72 (9 ((44 (22 (6 11 )))(53 (43 67 )))))))(33 (18 ((8 (40 (41 (13 (47 60 )))))(28 (48 (25 62 )))))))(37 (16 36 )))(35 50 )))))))))(56 57 ))(10 (61 (5 73 ))))(65 (80 (77 79 ))))((39 (7 (((12 (14 (30 (19 45 ))))(42 (17 63 )))(46 (23 55 )))))((38 49 )(59 74 ))))))))))))(82 (78 (83 90 )))))*
(0 (78 (82 (83 (59 (((33 (35 (36 (50 (28 (((((39 ((10 (12 ((1 81 )(75 89 ))))(52 (21 (57 (56 (((61 ((29 (3 (16 69 )))(49 (74 (51 65 )))))(5 58 ))(19 62 ))))))))((46 (55 (63 (((17 32 )(38 ((47 60 )(80 (77 79 )))))(42 73 )))))(23 24 )))((4 7 )(15 (20 27 ))))(26 54 ))(2 34 )))))))(48 ((8 ((13 ((66 (6 (9 ((22 (14 67 ))(43 53 )))))((30 72 )(71 (64 (44 (45 (90 (84 (86 (85 (87 88 ))))))))))))((25 (18 (11 37 )))(31 76 ))))(40 41 ))))(68 70 )))))))*
(0 ((90 (((((29 (58 (35 (((((((((64 ((72 (84 (88 ((89 (1 85 ))(86 87 )))))(31 (12 73 ))))(9 ((14 (6 (11 19 )))(44 53 ))))(66 (71 (43 (67 (30 45 ))))))(((13 22 )(75 76 ))((17 60 )(47 (32 42 )))))(18 (10 25 )))(8 37 ))(3 (36 (5 (40 41 )))))(33 (28 (4 48 ))))(16 (2 61 ))))))(((20 (46 (7 (39 55 ))))(69 (68 70 )))((49 (77 (79 80 )))(59 83 ))))((54 (23 81 ))(27 (26 50 ))))(34 (15 24 )))(21 ((65 (38 74 ))((51 62 )(57 (56 (52 63 ))))))))(78 82 )))*
(0 ((83 ((16 (4 ((((((35 (26 (2 (27 (61 (81 (((20 (55 (24 (39 (((1 (89 (87 (85 88 ))))((10 (52 (11 21 )))(56 57 )))(12 38 ))))))(7 46 ))(23 (5 (15 (80 (49 (77 79 )))))))))))))(36 50 ))(40 (41 (28 48 ))))(29 (((71 (((67 (43 (53 (6 (19 (30 45 ))))))((51 (17 42 ((32 73 )((47 60 )(63 (65 74 ))))))(75 (78 82 ))))((9 64 )(66 (31 (18 (25 62 )))))))(44 72 ))(76 ((8 (13 14 ))(22 37 ))))))(68 (69 70 (54 59 ))))(33 34 ))))(3 58 )))(90 (84 86 ))))*
(0 (85 (((89 (1 ((37 (((((28 (2 27 ))(41 (40 (36 39 ))))(26 ((48 (69 (70 (68 ((3 58 )(83 (49 81 )))))))(15 24 ))))(20 ((7 46 )(35 55 ))))((((4 16 )(29 61 ))((50 (5 23 ))(33 59 )))(54 (34 (80 (77 79 )))))))(((((65 ((8 (6 73 ))(72 ((75 (51 76 ))(66 67 )))))(64 (90 (31 (78 82 )))))(17 (47 (74 ((32 42 )(38 60 ))))))(21 ((12 (13 44 ))(14 (30 (19 45 ))))))((25 (9 53 ))((62 (57 (((10 18 )(52 (11 22 )))(43 56 ))))(63 71 )))))))(87 88 ))(84 86 ))))*
(0 (14 (11 (6 (19 (((25 (66 (((10 (((((1 84 )(87 88 ))(89 (85 86 )))((56 57 )(71 (70 (68 69 )))))(9 18 )))(37 (((2 (34 36 ))(16 35 ))(29 61 ))))((72 ((73 (31 (64 (44 ((90 (83 (3 58 )))(30 45 ))))))(33 (13 65 ))))(79 (77 80 ))))))((75 76 )(78 82 )))(51 (62 (67 (43 (53 (22 (32 ((((24 (38 (((23 (((4 (54 63 ))(26 27 ))(52 81 )))(50 (8 49 )))((15 (5 21 ))(48 59 )))))(20 ((7 46 )(39 55 ))))(28 (40 41 )))(42 ((12 (47 74 ))(17 60 )))))))))))))))))*
(0 (78 (82 (33 (35 (50 (26 (54 ((2 (61 ((((84 (31 (86 (88 (87 (89 (1 85 )))))))(48 ((8 (18 (((22 (9 ((72 ((42 (73 (5 23 )))(13 (58 (19 44 )))))((6 53 )(14 (77 (79 80 )))))))(71 (43 (66 67 ))))(47 (60 (25 (17 (32 (12 (10 ((56 (39 (20 (7 (46 63 )))))(52 81 )))))))))(76 (51 75 )))))(41 (40 (11 36 ))))))(28 (29 37 )))(4 64 ))))((69 70 (68 (49 ((3 16 )(30 45 )))))(34 ((((65 (15 21 ))(57 62 ))((38 (83 90 ))(74 (55 59 ))))(24 27 )))))))))))))*
(0 (82 ((21 (24 (((5 (12 ((25 (66 (18 (9 (((10 (((64 (8 ((30 (1 45 ))(44 (4 11 )))))(33 48 ))((13 14 )(28 37 ))))((72 (36 (41 (2 40 ))))((71 ((19 (61 ((3 16 )(46 (29 (51 58 ))))))(17 (32 73 ))))(67 (75 76 )))))(6 (43 53 )))))))((88 ((31 85 )(84 86 )))(87 89 )))))((7 ((23 54 )((50 (63 (26 27 )))(52 81 ))))(20 ((55 59 )(57 (56 (65 70 )))))))((15 ((38 (74 (60 (47 (22 42 )))))(49 (79 (77 80 )))))(35 (39 (34 62 )))))))((68 69 )(78 (83 90 ))))))*
(0 (85 (86 (14 ((53 (13 (((72 (9 (((71 (16 ((7 (55 (63 (((42 (((1 82 )(51 76 ))(22 35 )))(60 (47 74 )))(17 32 )))))(20 46 ))))((25 (59 (12 73 )))(89 (87 (54 88 )))))(29 37 ))))((48 ((61 (((((2 (21 31 ))(57 (52 56 )))(((15 (38 (49 (45 (84 (79 (77 80 )))))))(34 (39 62 )))(65 (24 81 ))))(26 27 ))((4 50 )(28 (11 (43 67 ))))))(10 ((18 (66 (70 (68 69 ))))(36 (40 41 ))))))(64 ((6 8 )((75 78 )(83 90 ))))))(33 (5 23 )))))(30 ((3 58 )(19 44 ))))))))*
(0 (82 (75 (78 ((25 (((22 (((1 (89 (((31 85 )(86 (84 (83 90 ))))(87 88 ))))(((5 ((3 58 )(73 (13 44 ))))(23 (15 21 )))(9 (((36 (10 18 ))((70 (69 ((30 68 )(45 49 ))))(56 57 )))(72 ((((54 (16 71 ))((34 (61 65 ))(50 (64 66 ))))(29 37 ))(33 (35 (80 (77 79 ))))))))))(12 (59 (((38 (48 (2 (28 ((8 (6 (53 (14 19 ))))(41 (11 40 )))))))(24 (52 81 )))((43 (39 (20 ((7 46 )(55 (17 63 ))))))(26 27 )))))))(32 (42 (74 (47 60 )))))(51 76 )))(4 (62 67 )))))))*
(0 (85 (45 (90 ((84 (1 (86 (87 (88 89 )))))(71 (37 (64 ((9 (((8 ((48 (46 (20 ((7 ((54 ((((34 ((15 (2 24 ))(28 33 )))(61 (50 (29 (16 (((4 49 )(81 83 ))(77 (79 80 ))))))))(3 58 ))(26 27 )))(70 (68 (69 ((5 35 )(36 39 )))))))(55 59 )))))(41 (23 40 ))))((22 ((30 (14 (11 19 )))((72 (13 (44 73 )))(67 (76 (51 (75 78 )))))))(47 (17 42 ))))(6 (43 53 ))))(10 (18 (((38 ((12 62 )(25 ((63 (32 60 ))(52 (74 82 ))))))(65 (56 57 )))(21 (31 66 ))))))))))))))*
(0 (81 (55 (23 (46 (7 ((39 ((26 (34 ((48 (61 (2 (28 (50 ((29 ((37 (8 ((13 (72 ((((64 (44 ((45 (90 ((86 (85 ((1 89 )(87 88 ))))(31 84 ))))(19 30 ))))(71 (18 (25 ((12 (10 (11 (52 (56 ((21 57 )(62 65 )))))))((((17 42 )(47 60 ))(32 (38 74 )))(63 73 )))))))(9 (53 (43 (14 22 )))))(67 (6 66 )))))(76 ((51 75 )(78 82 ))))))(33 ((54 59 )(79 (77 80 ))))))(35 (4 16 ))))))))((49 ((83 (3 58 ))(68 (69 70 ))))(36 (40 41 ))))))(24 (15 27 ))))(5 20 ))))))))*
(0 (31 (86 (85 (88 (87 (89 (75 (11 ((10 ((((((((39 (62 ((74 (38 (42 (47 (60 (22 (76 (45 (1 84 )))))))))(51 82 ))))(34 35 ))((15 49 )(80 (77 79 ))))(24 (27 (20 ((23 (7 46 ))((55 59 )(81 83 )))))))(26 (54 (50 (29 ((70 (33 58 ))(68 69 )))))))((21 52 )(56 57 )))(65 (78 90 )))(61 (5 ((48 (2 (28 (36 (40 41 )))))(37 (4 (3 16 ))))))))(25 ((((71 (9 (72 ((66 (6 64 ))(18 (8 13 ))))))(43 67 ))(53 (14 (30 (19 44 )))))((63 (12 73 ))(17 32 ))))))))))))))*
(0 (3 (58 ((((((39 (24 (2 (28 (48 (((((37 ((1 (85 (86 (84 (83 90 )))))(89 (87 88 ))))(((18 (9 ((((30 (19 (45 (6 (11 14 )))))(67 (82 (76 (75 (51 78 ))))))(47 (32 (42 (63 (17 60 ))))))(22 (43 53 )))))(8 66 ))(71 (64 (31 (72 (13 (44 73 ))))))))(10 (21 (52 ((56 57 )(65 74 ))))))(12 38 ))(25 62 )))))))(26 27 ))(20 (55 59 )))(7 46 ))((4 61 )(((15 (5 (33 34 )))(23 (81 (80 (77 79 )))))(54 (29 (50 (16 35 )))))))((36 (40 41 ))(49 (70 (68 69 ))))))))*
(0 (78 ((76 (53 (67 ((((1 89 )(88 (87 (85 86 ))))(72 (10 (43 (22 (4 11 ))))))(71 ((9 (66 (18 (54 (25 (((62 ((((26 ((2 ((24 (15 (21 (5 23 ))))(52 81 )))(20 27 )))((7 38 )(46 ((34 ((35 (49 50 ))(84 (83 90 ))))(80 (77 79 ))))))(39 55 ))(57 (56 ((61 (29 (16 (3 58 ))))(19 (51 (65 (59 74 )))))))))(63 (32 (17 42 ))))(12 73 )))))))((6 ((14 44 )(30 45 )))(64 (((13 (8 (48 (37 (40 (41 (28 36 )))))))(47 60 ))(33 (70 (68 69 ))))))))))))(75 (31 82 )))))*
(0 (31 (81 (27 (24 (20 (((39 (59 (12 (25 (((((84 ((1 89 )((85 86 )(87 88 ))))(64 ((9 (72 (13 44 )))(83 90 ))))(66 71 ))(18 (37 (((((34 ((61 ((65 ((10 (52 (21 (2 15 ))))(56 57 )))((73 (3 58 ))(5 23 ))))(26 54 )))(16 (35 (50 (36 (77 (79 80 )))))))(4 33 ))(29 49 ))(69 (68 70 ))))))((8 ((22 (11 (6 (30 (19 45 )))))(14 (53 (43 67 ))))(47 ((28 48 )(40 41 ))))(76 ((51 75 )(78 82 )))))))))(7 46 ))(55 (62 63 (32 ((17 42 )(60 (38 74 )))))))))))))*
(0 (78 (82 (75 ((53 (32 (66 (31 (21 (52 (2 15 (33 (24 (81 ((67 (17 ((62 (60 (74 (47 (42 (1 22 ))))))(25 63 ))))((43 ((((37 ((71 (((64 ((44 (((86 (68 ((3 58 )(83 90 ))))(45 ((38 (84 (34 35 )))(49 (77 (79 80 ))))))(19 (14 (30 (6 12 ))))))(13 (8 73 ))))(72 (9 (36 (28 39 )))))((70 (65 (5 11 )))((10 18 )(56 57 )))))(87 (89 (85 88 )))))(61 (16 29 )))(26 (27 (54 69 ))))(20 (46 (7 50 )))))(41 (40 (55 59 ))))(4 (23 48 )))))))))))))(51 76 ))))))*
(0 (1 ((28 (2 (25 62 )))(19 (((22 ((53 (9 (72 (66 (71 (((37 (4 (11 (18 (35 ((34 ((58 ((3 (49 50 ))(83 90 )))(84 (80 (77 79 )))))((54 (26 ((57 (65 (5 (15 21 ))))(27 (56 ((10 61 )(89 (85 86 ))))))))((69 ((31 (33 73 ))(44 (45 64 ))))(68 70 )))))))))(29 (16 36 )))(87 88 )))))))(43 (67 (40 (41 (76 (((13 (6 60 ))(8 47 ))(14 30 )))))))))(42 (32 (51 75 ))))(20 (((7 38 )(46 63 ))(55 (39 ((12 ((23 (17 48 ))((24 (78 82 ))(52 81 ))))(59 74 )))))))))))*
(0 ((85 (((1 89 )(87 88 ))(75 (76 ((((61 (((2 28 )(34 (((((65 (38 ((((31 (47 (64 (((6 (13 (3 14 )))(8 (44 (30 45 ))))(33 48 )))))(12 73 ))(5 (17 60 )))(74 (59 (82 (78 (83 90 ))))))))(24 (15 21 )))((7 (69 70 (49 68 )))(50 (23 (52 81 )))))((46 (20 51 ))((39 (55 56 ))(57 62 ))))((26 (27 (54 63 )))(35 (29 (58 (79 (77 80 )))))))))(32 42 )))(36 (40 41 )))(18 (10 25 )))(((9 (37 (22 (4 11 ))))(19 53 ))(72 (71 (66 (67 (16 43 )))))))))))(84 86 )))*
(0 (82 (78 (31 (24 (27 ((15 (21 (2 ((((28 ((50 ((34 ((83 (90 (84 (1 (89 ((85 86 )(87 88 )))))))(3 58 )))(38 (80 (77 79 )))))((37 (4 49 ))((26 61 )(29 (60 64 (65 (59 74 ))))))))(33 (((62 ((56 (((((42 (25 (54 (((6 (19 (11 14 )))(9 (73 (44 (72 ((8 13 )(40 (36 41 ))))))))(18 47 )))))(52 (32 ((53 75 )(76 81 )))))(10 12 ))(17 ((43 67 )(66 71 ))))(39 55 )))(57 (63 (7 46 )))))(16 69 ))(70 (30 45 )))))(35 (5 22 )))(23 48 )))))(20 (51 68 )))))))))*
(0 ((90 (83 ((49 ((58 ((61 (16 (4 (33 (48 (64 (((37 ((10 (((1 (89 ((85 (84 86 ))(87 88 ))))(((2 28 )(32 (63 (42 (47 (17 60 ))))))((21 (15 (24 ((7 ((((20 (26 27 ))((54 (23 (52 81 )))(39 (55 56 ))))(57 62 ))(34 46 )))(50 (38 (65 (59 74 ))))))))(31 (12 73 )))))(19 (41 (40 (5 36 ))))))(71 (((9 ((22 (67 (11 14 )))(43 53 )))(72 (66 (75 76 ))))(18 25 )))))(8 (6 (3 13 ))))(44 (30 45 )))))))))(29 (35 51 ))))(79 (77 80 ))))(68 (69 70 )))))(78 82 )))*
(0 ((75 (85 (86 (89 ((1 (84 (((45 (((68 ((59 ((48 (((5 (24 (23 (((27 (((2 (28 (35 (4 16 ))))(34 62 ))(26 50 )))(20 (55 ((7 46 )(57 (52 56 ))))))(65 (15 (38 80 )))))))(12 21 ))(61 ((((76 ((25 (18 (6 8 )))(71 (51 66 ))))(29 37 ))(36 (41 (40 (72 (((11 22 )(81 (43 53 )))(14 67 )))))))(10 39 )))))(74 (47 (60 (17 (32 42 )))))))(70 (69 (54 63 )))))((3 58 )(49 (77 79 ))))(19 30 )))(((9 64 )(31 33 ))(73 (13 44 ))))(83 90 ))))(87 88 ))))))(78 82 )))*
(0 (3 (58 (53 (43 (9 (22 ((((28 (48 (34 (25 ((10 (((1 (23 (81 (52 (((2 32 )(15 24 ))(21 (26 27 )))))))(89 (5 12 )))((39 ((7 46 )(20 (55 (17 63 )))))(56 57 ))))(62 (38 (42 74 ))))))))((14 ((13 44 )((19 (30 (45 49 )))(68 (69 70 )))))(64 ((31 85 )(84 (86 (83 90 )))))))(18 (11 (41 (36 40 )))))((37 ((4 (50 (54 (59 (73 (61 65 ))))))((29 (16 (35 (47 60 ))))(72 (((76 (51 (78 (75 82 ))))(87 88 ))(71 (66 67 )))))))(33 (8 (6 (79 (77 80 ))))))))))))))*
(0 (31 (75 ((88 ((1 84 )(89 (87 (85 86 )))))((76 (33 (72 (((30 (16 (69 (35 ((12 (((2 24 )(34 62 ))(28 ((39 (40 (21 (23 (5 36 )))))(19 41 )))))(55 (7 ((((((3 58 )(29 ((61 (50 65 ))(54 63 ))))(37 ((48 (4 (11 22 )))(15 49 ))))(68 70 ))(57 (56 ((10 ((18 (8 ((25 (6 (51 (79 (77 80 )))))(66 71 ))))(64 (9 (53 (13 43 ))))))(52 81 )))))(((59 (17 (42 (47 (60 (74 (32 38 )))))))(26 27 ))(20 46 ))))))))))(44 (45 (83 90 ))))(73 (14 67 ))))))(78 82 ))))))*
(0 ((59 ((7 ((39 ((62 (57 (56 (51 ((10 (((((75 (1 (89 (87 (88 (85 (84 86 )))))))(11 19 ))(12 (17 73 )))(42 (32 63 )))(25 (18 (37 ((76 (((8 (6 13 ))(31 (64 (44 (14 (30 45 ))))))(47 60 )))(71 (((9 72 )(53 (43 67 )))(22 66 )))))))))(52 (21 ((65 (38 74 ))(82 (78 90 ))))))))))(27 (34 ((2 (61 ((4 (3 16 ))(28 ((29 58 (35 (33 (50 (70 (69 (49 68 )))))))(36 (40 41 )))))))(26 54 ))))))(20 (46 55 ))))(24 ((23 (5 48 ))(15 (80 (77 79 )))))))(81 83 )))*
(0 ((85 (31 (82 ((75 (78 (76 (51 ((((33 (34 (28 ((62 ((((12 (21 (1 (89 (87 88 )))))(19 73 ))(39 (((10 (61 (80 (49 (77 79 )))))(59 (47 74 )))(36 (40 41 )))))(55 ((7 (((38 (17 60 ))(32 42 ))(57 (56 65 ))))((20 46 )((26 (50 (54 63 )))(27 (52 81 ))))))))(2 (24 (15 (5 23 ))))))))(16 35 ))(69 (68 (70 (48 (58 (3 13 )))))))(72 ((64 (71 ((66 (9 (6 (67 (53 (43 (22 (4 (11 14 )))))))))((8 (29 37 ))(18 25 )))))(30 (44 45 )))))))))(83 90 )))))(84 86 )))*
(0 (31 (82 (78 (75 (((((((71 (30 (45 (1 (84 90 )))))(37 ((29 ((61 ((34 (36 ((2 15 )(49 (77 (79 80 ))))))(50 (5 (3 58 )))))((48 (28 (24 (((4 23 )(54 (26 27 )))(41 (40 (59 ((7 46 )(55 (20 39 ))))))))))(33 (81 83 )))))(16 (35 (69 (68 70 )))))))(((21 (62 (12 (25 (17 (38 (60 ((32 74 )(42 47 )))))))))(65 (57 (66 (56 (52 63 ))))))(89 (87 (88 (85 86 ))))))(9 ((73 (13 44 ))(64 72 ))))(10 18 ))(8 (6 ((14 53 )(43 67 )))))((11 19 )(22 (51 76 )))))))))*
(0 (82 (78 (75 (76 (((25 (((((89 (1 (84 (86 (31 85 )))))(87 88 ))(72 (14 73 )))(37 (61 (29 ((34 (33 83 ))(79 (77 80 )))))))(64 65 )))((6 (((10 ((((5 (2 (21 24 )))(28 (40 41 )))(48 (49 (59 ((15 (3 58 ))((23 ((26 (54 (4 50 )))(27 (52 81 ))))(8 ((13 44 )(90 (30 45 ))))))))))(12 (38 (60 (74 (47 (17 42 ))))))))(11 22 ))(9 18 )))(((43 (((7 (55 ((16 35 )((36 39 )(69 (68 70 ))))))(20 46 ))(56 57 )))(63 (19 (62 67 ))))(51 (66 71 )))))(32 53 )))))))*
(0 ((58 (3 (16 (4 (32 (84 ((25 (18 ((86 (((64 ((70 (((54 (29 (35 (50 (26 (27 (((39 ((61 (10 (((1 89 )(5 (12 (14 (8 (13 44 ))))))(((11 37 )(22 43 ))((72 76 )(87 88 ))))))((48 (2 28 ))(36 (40 41 )))))(20 ((7 (49 (38 ((24 (15 (21 52 )))(23 81 )))))(46 (55 80 )))))(56 57 ))))))))((33 34 )(77 79 )))(59 ((51 (65 74 ))(78 82 )))))(68 69 )))(30 45 ))(31 85 )))(9 (66 (71 ((6 53 )(67 (75 (19 (42 (47 73 ))))))))))))(62 (63 (17 60 ))))))))))(83 90 )))*
(0 (81 ((44 ((((((((((1 (89 (87 (88 (85 86 )))))((31 (78 82 ))(75 (84 (83 90 )))))(25 ((((((24 (((2 (34 63 ))((50 (13 (3 58 )))(38 (80 (49 (77 79 ))))))(7 46 )))(5 (21 ((22 35 )(57 (52 56 ))))))(26 (27 (20 55 ))))(12 61 ))(54 59 ))(73 (47 (74 (42 ((17 60 )(32 62 )))))))))(76 (29 37 )))((69 (68 (4 16 )))((43 (53 67 ))(66 71 ))))(64 (70 (33 (28 (15 (23 48 )))))))(72 (8 ((10 39 )(41 (36 40 ))))))(9 18 ))(6 (65 (45 51 ))))(19 30 )))(11 14 ))))*
(0 (85 (88 (87 (89 (1 ((25 (12 (16 (76 ((30 ((2 (28 (62 (18 ((6 (4 11 ))(19 (71 ((9 (53 (67 (43 81 ))))(32 (23 54 ))))))))))(48 (((((35 (3 58 ))(79 (77 80 )))(50 (34 (38 (7 (46 63 ))))))(70 ((((57 (56 ((10 39 )(52 (24 (15 21 ))))))(65 (61 (29 (74 (51 (20 (55 59 ))))))))(26 27 ))(69 (49 68 )))))(8 (66 (41 (36 (40 (45 ((64 (72 ((13 14 )(44 73 ))))(31 33 ))))))))))))((37 (22 (5 42 )))(47 (17 60 ))))))))((75 (78 82 ))(86 (84 (83 90 )))))))))))*
(0 ((86 (88 (87 (89 (1 (75 ((76 (67 (72 (((64 (71 (37 ((29 ((61 (((((2 (28 34 ))((15 (23 48 ))(24 81 )))((7 (55 59 ))(39 40 )))(54 (26 27 )))(20 46 )))(41 ((5 50 )(36 (79 (77 80 )))))))((16 (35 (69 (70 (68 (49 (3 58 )))))))(4 33 ))))))(66 ((((((10 (18 25 ))(62 (63 (32 ((17 (42 47 ))(60 (38 74 )))))))(21 52 ))(11 65 ))(56 57 ))(31 (12 73 )))))(9 (43 (53 ((8 ((13 (6 19 ))(22 51 )))(14 (30 (44 (45 (83 90 )))))))))))))(78 82 ))))))))(84 85 )))*
(0 (86 (85 (88 (89 (87 (1 (9 ((64 ((18 (66 (25 (((((((2 52 )(((81 (4 (44 (8 (30 (45 49 ))))))(23 54 ))(26 (27 (50 63 )))))((7 46 )(69 (57 (56 (65 (70 74 )))))))((61 ((((13 (78 (68 (19 (3 58 )))))(71 72 ))(51 (76 (82 (31 75 )))))((32 73 )(42 47 ))))(40 41 )))(39 (62 ((15 (21 24 ))(34 ((38 (77 (79 80 )))(84 (83 90 ))))))))(55 59 ))(12 (5 (17 20 )))))))(10 48 )))(22 (((16 (43 (6 53 )))(35 (36 60 )))(33 (37 (28 (67 (29 (11 14 )))))))))))))))))*
(0 (85 (3 (58 ((6 (((72 (9 ((22 (47 60 (((46 (((5 (((1 89 )(12 73 ))(25 (10 (48 61 )))))((((24 (2 32 ))(15 21 ))(20 (27 (52 81 ))))(39 (34 (62 (38 (65 (56 57 ))))))))((7 ((23 63 )(26 54 )))(55 (59 74 )))))(80 (77 (49 79 ))))(17 42 ))))(43 (67 84 )))))(((37 (29 (((4 50 )(16 (36 (28 33 ))))(18 ((70 (68 (35 69 )))(40 41 ))))))(64 71 ))(66 (((31 53 )(87 88 ))(76 (51 (82 (75 78 ))))))))(8 (13 44 ))))(19 ((14 (11 86 ))(30 (45 (83 90 ))))))))))*
(0 ((83 (81 (24 (33 (((28 (16 (((1 (31 (86 (84 90 ))))(88 (85 (87 89 ))))((71 (64 ((11 (3 (36 (40 41 ))))(((9 (22 ((43 ((53 (6 13 ))(67 (72 (76 (75 (73 (12 (14 30 )))))))))(63 (17 ((32 42 )(47 60 )))))))(8 66 ))(18 (10 25 ))))))(19 (44 45 ))))))(35 ((15 (21 (2 5 )))(34 (39 62 )))))(69 ((50 ((61 (4 37 ))(29 ((59 (((7 20 )(55 (46 ((23 48 )(51 (80 (77 79 )))))))(54 (26 27 ))))(58 ((65 (38 74 ))(57 (52 56 ))))))))(70 (49 68 )))))))))(78 82 )))*
(0 ((82 ((1 45 )(74 (59 (71 (55 ((((32 (((61 (((9 ((((2 (18 ((25 (63 (17 60 )))(62 (28 67 )))))(10 (4 (48 (21 (15 (23 33 )))))))(34 ((24 (38 78 ))((52 81 )(84 85 )))))(((16 43 )(66 ((35 39 )(57 (56 (65 70 ))))))((31 (75 86 ))(88 (87 89 ))))))(64 (((12 (14 (6 (3 53 ))))(30 ((13 (44 73 ))(19 58 ))))(8 (49 (79 (77 80 )))))))(41 (36 (40 72 )))))(29 (11 37 )))(76 (22 (47 (5 42 ))))))(54 (50 (26 27 ))))(46 (20 51 )))(7 (68 69 )))))))))(83 90 )))*
(0 (82 (78 (51 (75 (76 (67 ((((((1 (52 ((4 ((26 27 )(50 63 )))(54 (23 81 )))))((44 (8 30 ))(13 45 )))((61 (29 ((16 35 )(70 (68 69 )))))(64 71 )))(72 (((10 (21 ((33 (((2 28 )(48 (12 25 )))((24 ((34 (49 (((3 58 )(83 90 ))(38 (79 (77 80 ))))))(7 46 )))(20 (39 55 ))))(5 15 ))((56 57 )(65 (59 74 ))))))(((88 ((31 85 )(84 86 )))(87 89 ))(36 37 )))(66 (((62 (43 (53 (6 (11 19 )))))(14 22 ))(9 18 ))))))(40 41 ))(47 (60 (17 (42 (32 73 )))))))))))))*
(0 ((75 ((78 (25 (((((72 ((9 (64 (13 ((44 ((45 (1 84 ))(83 90 )))(31 73 )))))(43 (53 (67 (11 14 ))))))(66 71 ))(18 (10 ((56 ((65 ((((28 (2 24 ))((35 (4 33 ))(5 (23 (15 21 )))))(54 (50 (26 27 ))))((61 (((3 58 )(70 (69 (16 (30 (49 68 ))))))(29 37 )))(34 (80 (77 79 ))))))(57 (62 (63 (32 (17 (60 (38 (42 (47 74 )))))))))))(((39 ((7 (55 (59 (52 81 ))))(20 46 )))(36 (40 41 )))(12 19 ))))))(6 8 ))(22 48 ))))(82 (51 76 ))))(85 (86 (89 (87 88 ))))))*
(0 (83 (58 (3 (((29 ((((((((((1 89 )(12 (47 (42 (17 (60 (32 (38 74 ))))))))(10 (21 (52 ((56 57 )(62 63 ))))))(((64 (9 (53 ((14 22 )(43 44 )))))(31 (84 90 )))((11 (18 85 ))(86 (30 45 )))))(65 73 ))(25 (75 (76 (51 (78 82 ))))))((6 19 )(((13 72 )(87 88 ))(71 (66 67 )))))(8 37 ))(16 (4 33 )))(50 ((5 61 )(49 ((15 34 )(80 (77 79 ))))))))(35 (54 59 )))((36 (41 ((40 (2 (26 ((39 ((7 55 )(20 46 )))(27 (24 (23 81 )))))))(28 48 ))))(70 (68 69 ))))))))*
(0 ((85 ((86 (31 (1 84 )))(88 (87 89 ))))(75 (82 (78 (76 (51 (22 ((25 ((37 (12 ((5 ((36 39 (28 (2 (24 (15 21 )))))(41 (61 (((4 (8 30 ))((52 (81 (23 (54 63 ))))(50 (26 27 ))))(48 (69 (68 70 ))))))))(55 (20 (((46 ((3 58 )(29 (16 35 ))))(7 59 ))((49 (34 38 ))(79 (77 80 )))))))))(66 ((10 (62 (18 ((6 (43 (9 (53 ((44 (13 ((72 (33 40 ))((45 64 )(67 (83 90 ))))))(14 73 ))))))(11 (71 (19 32 )))))))(57 (56 65 ))))))(42 (74 (47 (17 60 )))))))))))))*
(0 (75 (78 (82 ((24 ((39 ((((21 (1 (89 (87 (31 (85 (88 (84 86 ))))))))((69 (35 (16 ((36 (33 (28 ((40 41 )(67 76 )))))(44 72 )))))(34 (83 90 ))))(2 5 ))(((59 (25 ((65 (57 (56 (52 (10 ((64 (37 (4 (((29 (50 (3 58 )))(15 (49 (79 (77 80 )))))(68 70 )))))((66 (9 ((53 (43 (22 (6 11 ))))(18 71 ))))(8 13 ))))))))(51 (63 ((32 (42 (17 (47 60 ))))(38 74 )))))))(7 46 ))((20 (48 61 ))(27 (26 (54 81 )))))))(62 (23 (55 73 )))))(12 (14 (30 (19 45 )))))))))*
(0 ((33 (24 (20 (((7 (59 (69 70 (29 ((37 (((1 (4 ((8 13 )(44 (30 45 )))))(64 ((71 (66 (((((48 (2 28 ))(40 (41 (22 (5 36 )))))(12 (47 (42 (17 60 )))))((67 (43 (32 53 )))(75 76 )))(72 (9 (73 (14 (6 (3 (11 19 ))))))))))(10 (18 25 )))))(31 (84 (87 (89 (88 (85 86 ))))))))(16 61 )))(49 (68 (58 83 ))))))(46 55 ))(39 (62 ((15 (((65 ((21 (52 (63 (90 (50 (27 (26 (54 (23 81 )))))))))(56 57 )))(38 (51 74 )))(80 (77 79 ))))(34 35 ))))))))(78 82 )))*
(0 (85 (86 ((84 (1 ((37 ((22 (((((((26 (2 27 ))(54 (49 50 )))(20 ((46 (41 (40 (36 (61 (29 ((3 58 )(16 (4 (34 (33 (48 (28 (15 (24 (23 81 ))))))))))))))))(55 (80 (77 79 ))))))((5 (7 (59 (70 (68 69 )))))(35 39 )))(56 57 ))(10 ((25 (18 (67 (62 (63 (32 (17 (38 60 ))))))))(21 52 ))))(12 ((31 65 )(73 (74 (42 47 )))))))(43 ((72 (64 (9 (((6 (30 45 ))(19 (11 14 )))((53 ((51 76 )(75 (78 82 ))))(66 71 ))))))(8 13 44 )))))(87 (88 89 )))))(83 90 )))))*
(0 (85 (88 (((1 84 )(87 89 ))(86 (31 (75 (((24 ((21 (15 (2 36 )))((52 (58 (3 51 )))(((49 (10 ((4 61 )(8 66 ))))(26 (((7 (46 (55 (63 ((42 (17 (((13 (22 ((5 37 )(23 48 ))))(41 ((11 (6 19 ))(((38 (50 65 ))(59 74 ))(45 64 )))))(60 (79 (77 80 ))))))(47 (25 (((33 (72 (73 (9 (44 ((43 67 )(81 (83 90 ))))))))(14 40 ))(12 30 )))))))))((16 35 )(29 71 )))(((69 (62 (34 (18 54 ))))(28 39 ))(70 (56 57 ))))))(27 (20 68 ))))))(78 82 ))(76 (32 53 ))))))))))*
(0 ((90 (86 (14 ((44 (((((1 (84 (78 82 )))(87 89 ))((((57 ((7 ((27 (26 (54 (50 (((29 (16 (33 (28 (2 (15 24 ))))))(48 ((70 (68 (83 (3 58 ))))(35 69 ))))(4 49 ))))))(55 59 )))(20 (46 (61 (34 (80 (77 79 ))))))))(12 (21 (31 32 ))))(65 (62 73 )))(17 (42 (38 74 )(47 60 )))))((18 (25 (10 (56 (52 (63 (81 (23 (5 (40 (41 (36 39 ))))))))))))(((9 (6 (11 19 )))(43 (22 37 )))((67 (72 (8 13 )))(66 (53 (76 (51 75 ))))))))(64 71 )))(30 45 )))))(85 88 )))*
(0 (85 (86 (88 (87 (89 ((1 84 )((((12 (((68 (((24 (2 (20 27 )))(15 (21 (31 (78 82 )))))(3 58 )))((5 49 (23 48 ))((33 50 )(69 70 ))))(64 (44 (30 (45 (83 90 )))))))(65 (73 (17 ((38 74 )(47 60 ))))))((61 ((35 ((16 (4 (79 (77 80 ))))(29 (28 37 ))))(34 (26 54 ))))((10 ((25 (18 ((43 (((6 (8 13 ))(72 (66 71 )))(53 (32 (75 (51 76 ))))))(9 (22 (67 (11 14 )))))))((39 ((7 (59 (52 81 )))(46 (55 (42 63 )))))(36 (40 41 )))))(19 56 ))))(57 62 )))))))))*
(0 ((85 (88 (86 (((37 ((71 (1 (72 (64 (13 (14 (30 45 )))))))((29 (((26 (27 ((2 (24 (15 (21 31 ))))(20 68 ))))(61 (28 (((41 (5 40 ))((54 (59 (23 81 )))(55 (36 39 ))))(10 (((19 (6 11 ))(18 (9 ((43 67 )(44 73 )))))(8 (22 (56 (66 ((32 (53 (75 76 )))(51 52 ))))))))))))(16 (35 (69 70 )))))(4 (33 48 )))))(25 (12 ((((7 (46 (50 ((3 58 )((49 83 )(84 90 )))(34 (79 (77 80 ))))))(38 63 ))(57 62 ))(65 (74 (42 (47 (17 60 )))))))))(87 89 )))))(78 82 )))*
(0 ((58 (20 ((((((90 ((10 ((25 (12 (1 89 )))(19 (17 (63 (32 (42 73 )))))))(61 ((48 (2 5 ))(28 (((((37 (71 (30 (((53 (3 (76 (75 (88 (87 (85 (31 86 ))))))))(22 (47 60 )))(((72 ((8 (6 66 ))(43 67 )))(13 44 ))(9 14 ))))))(11 18 ))(64 (45 84 )))(4 16 ))(36 (40 41 ))))))))((62 (38 74 ))(65 (56 57 ))))(26 ((50 (33 (29 35 )))(69 (68 70 )))))(((7 46 )(59 (54 (23 (55 (80 (77 79 )))))))(39 (34 49 ))))(15 (24 (81 83 ))))(27 (21 52 )))))(78 (51 82 ))))*
(0 (85 (31 (((89 (1 (12 ((14 (5 ((48 ((2 28 )(33 34 )))(24 (15 38 )))))(21 (((11 ((32 (17 (42 ((3 58 )(13 (44 73 ))))))(65 74 )))(52 (23 81 )))(10 ((((((61 (29 ((54 (4 (50 (26 27 ))))(((((7 46 )(((19 (30 45 ))((71 (66 (43 67 )))(51 63 )))(56 57 )))(20 (55 (39 62 ))))(49 (69 (68 70 ))))(16 35 )))))((40 41 )(72 (76 (75 78 )))))(36 (59 ((82 (47 60 ))(77 (79 80 ))))))(8 37 ))(22 (64 (9 (6 53 )))))(18 25 )))))))))(87 88 ))(86 (84 (83 90 )))))))*
(0 (86 (85 (88 (75 ((((2 ((24 (15 ((81 (68 (49 (69 70 (7 ((39 ((62 63 (10 (25 (18 (((84 (1 (87 89 )))((9 (72 (64 ((73 (44 (((14 (6 (11 19 )))(83 90 ))(30 45 ))))(13 (8 33 ))))))(43 (67 (66 71 )))))((((4 16 )(29 ((61 (((50 (5 59 ))((65 (38 (74 (42 ((12 17 )(47 60 ))))))(23 48 )))(80 (77 79 ))))(34 (26 54 )))))((28 36 )(40 41 )))(37 (22 35 ))))))))(56 57 )))(46 55 )))))))(21 52 ))))(20 27 )))(3 58 ))((32 53 )(51 76 )))(31 (78 82 ))))))))*
(0 (82 (78 (75 ((76 ((67 (53 (((71 (64 ((72 (44 (90 (31 ((87 (1 89 ))((84 86 )(85 88 )))))))(8 (37 ((((((((((39 (2 24 ))(23 55 ))(7 59 ))(54 (26 27 )))(20 (46 48 )))(34 (5 (81 83 ))))((15 49 )(80 (77 79 ))))(61 (3 58 )))(29 ((16 36 )((35 (28 (40 41 )))(33 (69 (68 70 )))))))(4 50 )))))))(9 (18 66 )))(43 (22 (6 13 ))))))(19 (14 (30 45 )))))(51 ((25 (62 (12 (21 (73 (57 (52 (10 (56 (11 65 ))))))))))(63 ((32 (42 (17 (47 60 ))))(38 74 ))))))))))*
(0 (78 ((42 ((1 (89 (87 88 )))(75 ((31 82 )((83 90 )(85 (84 86 )))))))(((27 (63 (26 (54 ((62 (34 (2 25 )))(35 ((53 ((4 (67 (28 (29 37 ))))(43 (66 (71 (72 ((9 (22 (80 (77 79 ))))((41 (11 (19 58 )))(18 (36 40 ))))))))))(16 76 ))))))))(32 (55 ((7 (((24 ((15 (21 (17 (48 (((50 (8 (49 (44 (30 (45 (3 (6 14 ))))))))(64 (47 (33 (13 60 )))))(70 (68 69 )))))))(38 (5 65 ))))(23 (52 81 )))((12 73 )(59 74 ))))(57 (56 (10 39 )))))))(20 (46 (51 61 )))))))*
(0 (81 (((((61 (39 (10 ((1 (89 (87 88 )))(12 ((25 (47 ((66 ((18 (71 ((72 (9 (73 (44 ((30 ((3 58 )(85 86 )))(19 (45 (6 (11 14 )))))))))((32 53 )(43 67 )))))((64 ((31 (76 (75 (78 82 ))))(84 (83 90 ))))(70 (69 (49 68 ))))))(8 ((36 48 )(40 41 ))))))(51 (59 74 ))))))))(26 (57 (56 (65 (5 (60 (13 22 ))))))))((55 ((35 ((33 (4 16 ))(28 (29 37 ))))(23 (54 62 ))))(7 ((46 (34 (63 (17 42 ))))((38 50 )(80 (77 79 )))))))(2 (24 (15 (21 52 )))))(20 27 ))))*
(0 ((85 (88 ((((12 ((1 ((59 (((5 (20 55 ))(7 46 ))(23 (54 81 ))))(40 41 )))(19 (63 (47 74 (42 (17 60 )))))))(25 (14 22 )))((37 (((10 (((52 (31 (21 (15 (2 24 )))))(66 (((3 58 )((32 53 )(51 76 )))(9 33 ))))(((((50 (26 27 ))(28 (36 39 )))(38 62 ))(65 (56 57 )))(61 (49 (34 (79 (77 80 ))))))))(18 (6 (43 (11 67 )))))(8 ((48 (4 (69 (68 70 ))))(64 (45 (83 (90 (84 86 )))))))))(((72 (13 (44 73 )))(29 (16 35 )))(30 71 ))))(87 89 ))))(82 (75 78 ))))*
(0 (((81 (55 (((23 (27 (26 (48 (((8 (37 (76 (((12 ((1 (89 (87 88 )))(10 ((21 52 )(38 (56 57 ))))))((43 (67 (45 ((((6 (71 (19 30 )))(18 (62 ((25 (63 (32 ((17 60 )(42 (47 74 ))))))(((34 (70 (68 69 )))(54 59 ))((51 65 )(78 (82 (75 (85 86 ))))))))))(9 73 ))(64 (31 (66 (33 53 ))))))))(72 (13 44 ))))(22 (11 14 ))))))(61 (29 49 )))((39 (36 (28 (2 (15 24 )))))(40 41 )))))))(5 20 ))((7 46 )((35 50 )(80 (77 79 )))))))(4 16 ))((3 58 )(83 (84 90 )))))*
(0 (86 ((68 (69 (70 (((31 (65 ((34 ((((36 (56 (10 (52 (81 (1 (85 (89 (87 88 )))))))))(57 (5 (15 (2 21 )))))(((55 (7 46 ))(20 (24 (23 32 ))))(((49 (12 38 ))(28 48 ))(39 (40 41 )))))(61 (27 (26 50 )))))(((17 63 )(42 (74 (47 60 ))))(62 (54 59 ))))))(64 ((18 (9 (73 ((6 19 )(53 (14 ((44 (8 13 ))(43 (11 22 )))))))))(71 (66 (67 (25 (51 (76 (75 (78 82 )))))))))))(33 (72 (37 (29 (35 (4 16 ))))))))))((((3 58 )(83 (84 90 )))(79 (77 80 )))(30 45 )))));
