tread
'partial results for resampling (27 reps.)'
(0 (82 (78 (75 (76 (14 (((28 (2 ((12 ((5 (((1 (89 (85 (87 88 ))))(44 (72 (33 (13 (((4 8 )(((9 64 )(18 (66 ((70 (68 (71 (69 (16 (86 (30 45 )))))))(56 57 )))))((10 (61 65 ))(36 (15 (49 (80 (77 79 ))))))))(29 37 )))))))(31 73 )))((34 (35 ((3 58 )(84 (83 90 )))))(21 23 ))))(24 ((55 (20 (63 (7 46 ))))(39 62 ))))))(40 41 ))(19 (((25 ((6 (48 (11 22 )))(53 (43 (51 67 )))))(42 47 60 ))(17 (32 (59 (74 (54 (((26 27 )(38 50 ))(52 81 ))))))))))))))))*
(0 (31 (81 ((83 ((69 ((((64 ((37 (71 (9 ((72 ((1 (75 ((89 (85 (84 86 )))(87 88 ))))(73 76 )))(66 ((67 (33 (2 (28 36 ))))(43 (53 ((11 (6 14 ))(22 (32 (42 (17 60 )))))))))))))(10 (18 25 ))))(8 (44 (90 (30 45 )))))(48 ((12 47 )(40 41 ))))(70 (21 (59 (((57 (56 (58 (((51 (65 (74 (5 (3 13 )))))(29 (16 35 )))(19 61 )))))((((27 (26 ((4 50 )(54 63 ))))(23 52 ))(20 (46 (80 (77 79 )))))(55 (39 (34 62 )))))((7 38 )(15 24 ))))))))(78 82 )))(49 68 )))))*
(0 (85 (86 (((1 89 )(87 88 ))(((71 ((64 ((((48 (2 (5 (15 (((34 ((7 46 )(58 61 )))(26 27 ))((24 ((12 38 )(62 ((74 (42 (17 (47 60 ))))(65 (21 (57 (52 56 ))))))))(59 (20 (39 55 )))))))))(33 (((16 (4 (3 ((49 83 )(77 (79 80 ))))))(35 50 ))(37 (28 29 )))))(36 (40 41 )))(70 (68 69 ))))((19 44 )(30 45 ))))((18 (9 (22 (43 ((6 53 )(((72 (66 (8 13 )))(51 (76 (75 (78 82 )))))((67 (11 14 ))((63 (54 (23 81 )))(32 73 )))))))))(10 25 )))(31 (84 90 )))))))*
(0 ((85 (((3 (58 (((61 (((57 (56 ((10 (52 (1 81 )))(39 (20 (7 ((((42 (((((((9 (53 (44 (14 (6 11 )))))(22 (51 (79 (77 80 )))))((71 (66 (43 67 )))(72 (88 (87 89 )))))(8 13 ))(75 76 ))(18 25 ))((36 (40 41 ))(47 60 ))))(32 (19 (12 73 ))))(17 63 ))(46 55 ))))))))(65 (59 (38 74 ))))(27 (24 ((5 23 )(15 21 ))))))((28 (2 31 ))(26 (50 (54 (49 (34 62 )))))))((37 (33 (48 (4 64 ))))(29 (16 (35 (69 (68 70 )))))))))(30 45 ))((83 90 )(84 86 ))))(78 82 )))*
(0 (78 (82 (75 (76 (51 (32 (42 ((67 (71 (((((63 (50 (26 (27 (52 (81 (1 (85 (89 (87 (36 88 )))))))))))(54 (4 23 )))(61 ((69 (64 (((30 (44 (13 (73 (3 58 )))))(45 49 ))(68 (90 (83 (84 86 )))))))(34 (37 (5 (15 (21 31 ))))))))(29 (16 35 )))(72 ((9 (18 (66 (10 (56 (57 (65 70 )))))))(33 (80 (77 79 ))))))))((46 (7 (((39 (62 ((20 (2 24 ))(28 ((41 (11 40 ))(22 48 ))))))(25 (12 (38 (14 (8 (53 (6 19 ))))))))(55 59 ))))(17 (43 (47 (60 74 ))))))))))))))*
(0 (86 (((31 (1 (84 (83 90 ))))(85 (89 (87 88 ))))(75 (81 ((76 (((((25 (29 (61 (((26 (27 (2 (24 (52 (15 21 ))))))((39 ((20 (7 (46 (55 (17 63 )))))(35 (56 57 ))))(69 70 )))(((41 (12 (((14 (30 ((68 (3 58 ))(19 45 ))))(44 (49 (4 11 ))))(8 (13 (72 (33 64 )))))))(40 ((48 (23 (5 22 )))(36 37 ))))(10 28 ))))))((16 (62 (43 67 )))(71 (51 66 ))))(54 59 ))(((6 (65 (50 (34 ((38 (74 (42 60 )))(80 (77 79 )))))))(47 73 ))(9 18 )))(32 53 )))(78 82 )))))))*
(0 (85 ((3 ((16 ((((71 ((((66 ((40 (67 ((1 84 )(72 (13 (73 ((44 (14 45 ))(33 (64 (31 (83 90 )))))))))))(43 (9 53 ))))(36 41 ))(10 (18 (25 (32 63 )))))(37 (22 42 ))))((5 12 )((8 (6 30 ))(47 (17 60 )))))((61 (4 (28 (34 (2 62 )))))((79 (77 80 ))((86 88 )(87 89 )))))((54 (55 (35 (39 (56 (57 ((((69 (7 (59 (74 82 ))))(65 70 ))(((38 ((15 21 )(23 48 )))(24 (52 81 )))(50 (49 68 ))))(26 27 ))))))))(20 58 )(29 46 ))))(11 19 )))(75 (76 (51 78 ))))))*
(0 ((86 (85 ((89 (1 84 ))(87 88 ))))(16 (4 (71 ((61 (54 ((26 (2 (35 (34 62 )))((57 (56 ((10 (25 (18 (((66 (6 8 ))(((36 (40 41 ))(75 76 ))(67 72 )))((9 (43 53 ))((11 19 )(22 ((42 (32 51 ))(77 (79 80 ))))))))))(39 55 ))))(27 (20 (58 (46 63 ))))))(((68 (70 ((3 50 )(49 ((47 (60 (13 45 )))(38 74 ))))))(69 (33 (31 (64 (44 (14 30 )))))))(((5 65 )((15 ((24 (21 ((12 (17 73 ))((78 82 )(83 90 )))))(52 81 )))(23 48 )))(7 59 ))))))(29 (28 37 ))))))))*
(0 (81 (52 (((1 (71 (45 (59 74 ))))(55 (46 (7 (((2 (32 (3 58 )))((28 (43 (((18 (9 (66 ((34 (33 (54 ((29 (61 (72 ((4 16 )(36 ((80 (77 79 ))(88 (87 (89 (85 86 ))))))))))(35 (50 (8 49 )))))))(67 (62 (25 (63 ((42 (73 (82 (60 (6 (64 65 ))))))(53 (51 (76 (75 78 )))))))))))))((((44 (14 (12 (13 ((5 (23 48 ))(22 (11 37 )))))))(19 30 ))(17 47 ))(31 (70 (68 69 )))))(10 (56 57 )))))(40 41 )))(39 (26 ((24 (15 21 ))(20 27 )))))))))(38 (84 (83 90 )))))))*
(0 (78 (82 (31 (85 (88 (((1 ((((((59 ((15 (24 (2 (33 (28 (36 (39 (5 ((23 55 )(40 41 ))))))))))(20 (27 81 ))))((((49 (68 (3 58 )))(29 (70 (69 (16 35 )))))(4 48 ))(54 (26 50 ))))((61 (7 46 ))((34 83 )(80 (77 79 )))))((74 (38 (60 (17 (42 47 )))))(65 (63 (56 57 )))))(10 (25 (18 (64 ((9 (((6 53 )(8 13 ))(71 (43 (67 (11 37 ))))))(22 (66 ((32 (21 52 ))(51 (75 76 )))))))))))(62 (12 (73 (19 (44 (45 (30 (14 72 ))))))))))(87 89 ))(86 (84 90 )))))))))*
(0 ((86 ((84 (31 ((83 (33 (((8 ((66 (18 (25 (48 ((10 (((46 (((1 19 )(41 (36 40 )))(61 (42 47 (32 73 )))))((7 (54 (23 (52 81 ))))((56 (57 65 ))(59 74 ))))(20 ((5 12 )(39 55 )))))(28 (34 (62 ((24 (2 (15 21 )))(38 ((17 60 )(63 (27 (26 50 ))))))))))))))((71 ((((4 11 )(30 (44 45 )))(29 (58 (69 (68 (70 (13 64 )))))))(72 (67 (76 (51 (75 78 )))))))(9 (22 37 )))))((3 (16 (35 82 )))(6 (43 53 ))))(49 (79 (77 80 ))))))(14 90 ))))(87 89 )))(85 88 )))*
(0 (86 (85 (88 ((1 ((72 ((13 (64 (((29 ((((28 (((34 (2 24 ))((59 (20 ((7 46 )(39 55 ))))(61 ((54 (23 81 ))(50 (26 27 ))))))(5 (15 48 ))))(33 35 ))(69 70 (16 (68 ((4 (83 (3 58 )))(49 (77 (79 80 ))))))))(36 (40 41 ))))(8 37 ))(((18 (((22 (6 (11 19 )))(67 (76 (78 (75 82 )))))(43 (9 53 ))))(66 71 ))(((10 (25 (12 (62 (73 (63 (32 (17 ((38 (42 74 ))(47 60 ))))))))))(21 52 ))(56 (57 (51 65 ))))))))(44 ((14 90 )(30 45 )))))(31 84 )))(87 89 ))))))*
(0 (3 (58 ((16 (((28 ((8 (76 (72 ((1 (40 (13 14 )))(43 44 )))))(37 (29 61 ))))((35 ((27 (((2 (24 81 ))(15 38 ))(52 (21 (((25 (((47 (((71 (30 (19 (45 ((6 (60 (79 (77 80 ))))(51 (65 74 )))))))(66 (70 (68 69 ))))(64 (31 (9 (73 (53 (33 67 ))))))))((75 (78 82 ))(85 86 )))(54 59 )))(18 ((17 (34 42 ))(62 63 ))))(12 (10 ((23 48 )(89 (87 (36 88 )))))))))))(26 ((((7 57 )(55 56 ))(39 49 ))(20 46 )))))(50 (22 (41 (5 11 ))))))(4 32 )))(84 (83 90 ))))))*
(0 (82 (75 (78 (76 (51 (32 (53 ((((66 ((64 ((31 ((84 (86 (85 (88 (87 (1 89 ))))))(83 90 )))(45 (72 (13 (44 (73 (5 23 ))))))))(18 ((4 (70 (((68 (3 58 ))(69 (34 (33 (16 35 )))))((26 ((61 ((10 57 )(56 65 )))(27 (81 (15 (21 52 ))))))(50 (36 (49 (77 (79 80 )))))))))(8 (11 (29 37 )))))))(9 71 ))(22 (25 (((48 ((39 (2 24 ))((28 (14 67 ))(40 41 ))))(54 (20 ((7 46 )(55 59 )))))((62 (12 (19 30 )))(63 (17 ((42 (38 74 ))(47 60 )))))))))(6 43 ))))))))))*
(0 (78 ((82 (31 (21 (52 (((66 ((71 ((72 ((87 (89 (1 84 )))(86 (85 88 ))))(((((70 (68 ((81 (15 (2 24 )))(20 27 ))))(26 54 ))((((61 (3 58 ))(46 (7 59 )))(34 83 ))(50 (49 (79 (77 80 ))))))(29 ((16 ((33 (28 (4 48 )))(36 (41 (40 (5 (23 (39 55 ))))))))(35 69 ))))(8 37 ))))((9 ((22 (6 11 ))(53 (43 67 ))))(64 (13 (44 73 ))))))(57 (56 65 )))((10 18 )((62 (12 ((14 (45 90 ))(19 30 ))))(25 (63 (32 (17 (38 (60 (74 (42 47 )))))))))))))))(75 (51 76 )))))*
(0 (31 (82 (78 ((76 ((((66 (71 (64 ((72 (1 (87 (89 (88 (85 86 ))))))(9 ((53 (44 (30 (6 45 ))))(67 (43 (11 22 )))))))))(18 25 ))(37 ((16 (35 ((70 (69 (54 (26 ((2 (28 (40 41 )))((61 (46 (7 (39 ((((5 (15 23 ))(((10 ((62 (12 (19 73 )))(63 (((17 42 )(32 (38 74 )))(47 60 )))))(21 52 ))(56 57 65 )))(55 59 ))(27 (20 (24 81 ))))))))(34 (50 (36 (80 (77 79 )))))))))))(29 (((3 58 )(83 (84 90 )))(49 68 ))))))(4 (33 48 )))))(8 (13 14 ))))(51 75 ))))))*
(0 ((83 (90 (84 (86 (85 ((89 (1 (12 (((((18 (25 (10 (21 (((15 ((27 (2 26 ))(((54 (34 (4 33 )))(5 ((35 50 )(80 (77 79 )))))(20 (39 (55 (7 46 )))))))(24 (23 81 )))((62 (52 (57 (56 ((19 (3 58 ))(74 ((59 ((16 29 )(49 61 )))(51 65 ))))))))(38 (32 (63 (17 60 ))))))))))(31 (9 64 )))((8 (37 (28 (11 14 ))))(48 (36 (40 41 )))))(((30 (6 45 ))(13 44 ))(72 (((47 (42 73 ))(76 (75 (78 82 ))))(71 (66 67 ))))))(22 (43 53 ))))))(87 88 )))))))(68 (69 70 ))))*
(0 (85 (86 (14 ((89 ((12 (59 ((5 (20 (55 (17 ((32 (63 (1 (23 (54 ((26 27 )(52 81 )))))))(42 (73 74 )))))))(7 46 ))))(25 ((10 (21 ((62 (38 (34 (2 (15 24 )))))(39 ((61 (51 65 )(75 (78 82 )))(56 57 ))))))(48 (18 (28 (84 ((((8 (4 50 ))(90 ((11 45 )(30 44 ))))(64 (31 ((70 (36 (40 41 )))(69 (83 (49 68 )))))))(43 (67 (66 (((71 (72 (6 13 )))((37 (29 (33 (16 35 ))))(76 (47 (60 (80 (77 79 )))))))((9 (22 53 ))(87 88 )))))))))))))))(19 (3 58 )))))))*
(0 ((86 (85 ((1 89 )(87 88 ))))(53 (31 (((13 (64 (((((26 ((2 24 )(20 27 )))(48 (5 (21 23 ))))(28 (((((10 ((((72 (67 ((6 19 )(76 (75 78 )))))((8 33 )(36 (((15 82 )(77 (79 80 )))(47 60 )))))(66 71 ))(18 (9 (43 (11 22 ))))))((52 81 )(56 57 )))(25 (32 (17 (42 74 )))))(39 55 ))(40 41 ))))(((54 (34 (59 (50 ((((3 58 )(83 (84 90 )))(38 49 ))(7 (46 63 )))))))((29 (16 35 ))(61 (65 (51 62 )))))(4 37 )))(68 69 70 ))))(44 (30 45 )))(73 (12 14 )))))))*
(0 (85 ((31 ((89 (1 (((10 (61 ((39 ((2 (15 24 ))(20 ((5 (34 ((3 58 )(7 46 ))))(55 (38 (74 ((17 42 )(47 60 )))))))(26 27 )))(48 (28 ((36 (8 ((16 37 )((29 (33 (70 (68 69 ))))((35 (49 50 ))(79 (77 80 )))))))(40 41 )))))))((65 (21 52 ))(56 57 )))(12 (25 (13 ((72 (((((4 67 )(76 (51 (75 (78 82 )))))(66 71 ))(9 ((44 (19 (6 11 )))(53 (43 (18 (62 ((54 (59 (23 81 )))(63 (32 73 ))))))))))(64 (30 45 ))))(14 22 ))))))))(87 88 )))(86 (84 (83 90 ))))))*
(0 (82 (((31 (75 ((85 ((1 89 )(87 88 )))(84 86 ))))(68 (69 (70 (49 (48 (8 (((36 (28 (2 ((26 (50 ((((7 ((12 (5 73 ))((19 ((51 58 )(80 (77 79 ))))(59 74 ))))(((55 (46 (17 42 )))(20 32 ))(23 (54 63 ))))((65 (57 (56 (39 (10 61 )))))(38 (24 (15 21 )))))(27 (52 81 )))))(34 62 )))))(40 41 ))(18 (66 (6 ((64 ((71 ((25 (37 (29 (76 ((((3 13 )(47 60 ))(14 33 ))(16 35 ))))))((9 (72 (30 44 )))(22 53 ))))(4 45 )))(67 (11 43 ))))))))))))))(78 (83 90 )))))*
(0 (78 (82 (75 (51 (76 (((72 (9 (((71 ((18 (((4 (((2 (61 (10 (1 (89 (87 ((84 86 )(85 88 ))))))))(28 36 ))(16 (29 (35 ((69 70 (68 (49 ((3 58 )(83 90 )))))((54 (26 (27 ((39 ((7 (5 23 )(59 81 ))(20 (55 (46 (80 (77 79 )))))))((56 (((15 24 )(21 52 ))(65 (38 74 ))))(57 62 ))))))(34 50 ))))))))(48 (40 41 )))(11 37 )))(25 ((30 (8 (13 14 )))(((12 73 )(17 (42 (32 63 ))))(47 60 ))))))(64 (44 (19 (6 45 )))))(22 (43 67 )))))(53 66 ))(31 33 ))))))))*
(0 (82 (78 ((84 (86 ((75 (16 ((72 (((64 (48 (8 ((30 (44 (1 45 )))(4 (50 (((23 (54 63 ))(52 81 ))(26 27 ))))))))(33 (14 (28 67 ))))(73 (31 ((2 (36 (40 (41 (19 (6 (11 37 )))))))(12 (21 ((24 ((65 (5 (3 13 )))((7 (69 (68 70 )))(((20 46 )(55 59 ))(56 57 )))))(15 ((34 35 )(39 62 )))))))))))((71 ((9 (43 53 ))(10 (18 (25 66 )))))((76 ((22 ((17 47 )(42 (32 (60 (38 74 ))))))(51 (49 (79 (77 80 ))))))(61 (29 58 )))))))(85 (89 (87 88 ))))))(83 90 )))))*
(0 (31 (78 ((83 (90 ((84 (1 45 ))(((2 (((((57 (56 (58 (((29 (35 (3 16 )))(65 (51 74 )))(19 61 )))))(24 (38 62 )))(34 49 ))(50 (26 27 )))(28 ((4 ((23 (15 21 ))(22 86 )))(37 48 )))))((8 (((75 (6 (41 (40 (5 11 36 )))))((66 (30 71 ))(43 67 )))((12 (25 (((46 (7 (39 (20 (55 63 )))))(52 81 ))(54 59 ))))((76 (47 (32 (42 (17 60 )))))(82 (79 (77 80 )))))))(10 18 )))(64 (9 ((72 (44 (73 (53 (13 14 )))))(88 (87 (33 (85 89 )))))))))))(68 (69 70 ))))))*
(0 (82 ((75 (73 (12 ((85 (1 89 ))((23 ((24 (21 (2 (34 62 ))))((((20 ((57 (56 (74 ((11 (49 (3 58 )))(61 (51 65 ))))))(7 46 )))((25 (18 ((71 (64 ((9 (22 (66 (((((4 50 )(29 37 ))(((76 ((14 67 )(72 ((44 (45 (19 30 )))(31 (40 41 ))))))(87 88 ))((16 35 )(36 (28 33 )))))(8 (6 13 )))((47 60 )(80 (77 79 )))))))(43 53 ))))(59 (69 (68 70 ))))))(10 (48 (17 (42 (32 63 )))))))((27 (26 54 ))(52 81 )))(15 38 ))))(55 (5 39 )))))))(78 (83 (90 (84 86 )))))))*
(0 (3 (58 (49 ((((13 (8 (((((16 (50 (61 ((46 (20 (((1 (87 (89 (88 (31 85 (84 86 ))))))(10 (41 47 )))(42 (17 (28 34 ))))))(7 ((27 ((2 24 )(15 ((21 52 )(38 (65 (60 (62 ((23 (32 81 ))(63 (54 73 )))))))))))(26 (55 (5 (57 (56 ((12 74 )(59 (39 ((35 (66 ((18 25 )(69 (68 70 )))))(36 40 ))))))))))))))))(29 37 ))(51 ((71 (4 67 ))(76 (78 (75 (82 (83 90 ))))))))(64 72 ))(33 48 ))))(79 (77 80 )))(((6 19 )(11 14 ))(44 (9 (22 (43 53 ))))))(30 45 ))))))*
(0 ((20 (39 ((((35 (34 ((58 (29 ((61 (36 (((((1 63 )(8 (13 (44 (30 45 )))))(4 (50 (26 (27 ((54 (23 81 ))(52 90 )))))))(28 37 ))((2 (25 (12 (10 ((((18 (73 (9 ((22 (6 (19 (11 14 ))))((53 ((32 (42 (17 (47 60 ))))(75 76 )))(43 (62 67 )))))))(64 72 ))(66 71 ))((88 ((31 85 )(84 86 )))(87 89 )))))))(41 (40 48 ))))))(3 16 ))))((83 (49 (68 (69 70 ))))(79 (77 80 ))))))(59 (5 (21 (15 (24 33 ))))))(57 (56 (51 (65 (38 74 ))))))(7 (46 55 )))))(78 82 )));
