tread
'partial results for resampling (19 reps.)'
(0 (82 (78 (75 (((53 (33 (67 (72 (13 (((((12 ((19 (30 (44 (45 (90 (83 (84 (1 (87 (89 (86 (85 88 ))))))))))))(11 14 )))(22 ((18 (9 64 ))(10 (56 57 )))))(37 (43 (17 (42 (47 (60 (38 74 ))))))))(71 (25 (((((((4 50 )(((((20 (7 46 ))((39 (28 36 ))(41 (40 48 ))))(70 (68 69 )))(26 (27 81 )))(23 54 )))(61 (29 (16 (5 35 )))))(34 (49 (77 (79 80 )))))(55 59 ))(62 65 ))(63 73 )))))(6 8 )))))))(66 (32 (31 (((15 (2 24 ))(3 58 ))(21 52 ))))))(51 76 ))))))*
(0 ((86 (85 ((75 (76 (2 (32 ((((((61 (((1 (84 89 ))((5 48 )(12 73 )))(10 ((25 (18 ((9 (64 ((72 (33 (67 (28 ((11 (14 (6 19 )))(29 37 ))))))(40 (36 41 )))))(22 (43 (16 (66 71 )))))))(42 (17 (47 60 )))))))(65 (59 74 )))(((7 (46 (34 ((38 (80 (77 79 )))(49 (83 90 ))))))((35 (69 70 ))(62 (39 55 ))))(56 57 )))(26 ((23 (50 (4 (8 (13 (44 (30 45 )))))))(54 63 ))))((20 (51 (68 ((3 58 )(78 82 )))))(27 (52 81 ))))(24 (15 21 )))))))(87 88 ))))(31 53 )))*
(0 (78 (82 (75 ((76 (72 ((67 (33 (16 (4 (29 ((48 ((20 ((15 ((((21 ((10 (65 ((52 (1 (59 81 )))(56 57 ))))(12 19 )))(31 62 ))(39 (40 (28 41 ))))(((2 24 )(23 36 ))(5 (55 (73 (74 (32 (60 (63 (38 ((47 (17 42 ))(77 80 )))))))))))))(54 (26 27 ))))(34 ((7 46 )(50 61 )))))((70 (68 (49 (79 (3 58 )))))(35 69 ))))))))((64 ((6 53 )((8 13 )(44 ((14 (86 (84 (83 90 ))))(30 45 ))))))((66 (25 (18 (9 (43 (22 (11 37 )))))))(51 71 ))))))(87 (88 (85 89 ))))))))*
(0 (85 (3 (51 (((((71 ((72 ((13 (((1 89 )(87 88 ))(79 (77 80 ))))(9 44 )))(29 37 )))(30 58 ))((35 ((((2 15 (52 (21 (10 (61 ((48 ((8 ((6 45 )(((18 66 )(70 (68 69 )))(64 (31 (83 90 (84 86 )))))))(40 41 )))(39 49 )))))))((38 (50 ((4 (43 67 ))(28 36 ))))(24 81 )))((26 27 )((65 (34 62 ))(56 57 ))))(5 ((7 (20 46 ))(55 ((32 (23 (22 (11 14 ))))(42 (17 60 ))))))))(16 (33 53 ))))(25 (12 (((19 (54 63 ))(47 73 ))(59 (74 82 ))))))(76 (75 78 )))))))*
(0 (82 (78 (83 (64 (65 (61 (4 (50 (((((84 (1 (87 (89 (88 (85 86 ))))))((34 (28 (49 (38 48 ))))(62 (57 (69 70 )))))((10 (43 (((75 (6 (8 ((((((20 (3 58 ))(19 (25 (12 (59 (7 74 ))))))(((17 (42 47 60 ))((23 63 )(30 44 )))(46 55 )))(9 22 ))((72 (((37 (5 33 ))(29 (71 (16 35 ))))(77 (79 80 ))))((14 54 )(32 (53 (51 76 ))))))(13 73 )))))(66 67 ))(40 41 ))))(11 (18 (56 (36 39 ))))))(45 90 ))(26 (2 (27 ((68 (24 (15 (21 31 ))))(52 81 )))))))))))))))*
(0 (85 (86 (88 ((31 ((1 84 )((71 (64 ((((48 (((28 (2 24 ))(38 (42 47 )))(20 (7 46 ))))((3 58 )(61 (29 ((50 ((54 (4 23 ))(26 27 )))((16 (35 (69 (68 70 ))))(33 (34 (49 (79 (77 80 )))))))))))(37 (15 21 )))(65 (57 (56 (((10 (18 (9 (((43 (22 (((41 (40 (5 36 )))(13 (17 60 )))(6 (11 14 )))))(32 53 ))(44 (72 73 ))))))((12 (((19 30 )(67 (51 (78 (75 76 )))))(39 62 )))(25 ((74 (82 (52 81 )))(55 59 )))))(66 (8 63 )))))))))(83 (45 90 )))))(87 89 ))))))*
(0 (82 (78 (((46 (7 ((27 ((15 (21 (((50 ((70 ((((45 ((84 (86 ((89 (1 85 ))(87 88 ))))(83 90 )))(3 (68 (58 (77 79 )))))(((18 (71 (66 ((6 (8 (30 (44 (53 (13 14 ))))))((43 (11 67 ))(22 (76 ((40 41 )(47 60 )))))))))(16 36 ))(28 (29 37 ))))(4 (64 (9 (72 (31 33 )))))))(35 69 )))(34 (26 54 )))(5 61 )((65 (57 (56 (10 ((75 (63 (17 (32 42 ))))(39 ((52 81 )(59 (55 74 )))))))))(23 80 )))))(24 (2 (62 (25 48 ))))))(20 51 ))))(38 49 ))(19 (12 73 ))))))*
(0 (85 (88 (86 ((1 (71 ((((26 ((34 (((48 ((((24 (2 (15 ((31 ((3 58 )(51 (53 (32 (76 (75 (78 82 ))))))))(21 52 )))))(20 27 ))((7 59 )((((12 30 )(17 (47 ((22 42 )(60 74 )))))(25 63 ))(46 55 ))))(50 (38 49 ))))(28 (36 39 )))(62 (4 (23 54 )))))(68 69 70 )))(61 (((5 65 )(77 (79 80 )))((16 35 )(29 37 )))))(57 (56 ((((41 (6 (11 19 )))((((9 (44 73 ))(33 72 ))(13 14 ))(67 (43 (40 81 )))))(8 66 ))(10 18 )))))(64 (45 (83 (84 90 )))))))(87 89 ))))))*
(0 ((68 (83 (90 (84 (86 (((1 (87 (89 (85 88 ))))((25 ((((((27 (81 (52 (24 (21 (15 (2 36 )))))))(26 (4 50 )))(20 (55 (46 (80 (77 79 ))))))((57 (56 ((61 ((5 (19 (3 58 )))(16 (29 35 ))))(65 (62 (51 74 ))))))(39 (34 (7 (38 49 ))))))(69 70 ))(59 (54 (23 63 )))))(71 (((((53 ((6 (12 73 ))((8 13 )(30 (44 45 )))))((43 (((28 (11 37 ))(14 67 ))(41 (40 48 ))))(22 (32 76 ))))(17 (42 (47 60 ))))(72 (33 (9 66 ))))(64 (10 18 ))))))(31 75 )))))))(78 82 )))*
(0 ((83 (90 (45 ((14 (((13 (64 (((72 (84 (1 (88 (89 (87 (85 86 )))))))(9 (53 (43 (62 67 )))))((18 (((37 (4 (40 (41 (28 (36 (2 ((((61 (29 (3 58 )))(54 (79 (77 80 ))))(26 (27 (((15 (23 (5 (33 48 ))))((49 50 )(59 (69 (68 70 )))))(7 24 )))))(34 ((16 35 )((20 46 )(39 55 ))))))))))))(11 22 ))((25 (10 (42 (32 ((17 (47 60 ))(74 (38 (65 (21 52 )))))))))(76 (75 (78 82 ))))))(71 (66 (51 (63 (56 57 )))))))))(44 73 ))(8 12 )))(30 (6 19 ))))))(31 81 )))*
(0 (3 (58 (68 (49 (19 ((44 (13 (78 ((8 (6 (53 (43 (67 (9 (72 (71 ((22 ((10 37 (1 (87 (89 (85 88 )))))(((((55 (((40 ((((20 ((((2 (15 24 ))(35 (26 27 ))(54 (59 (69 70 ))))(34 50 ))(28 (33 48 ))))(4 16 ))(29 61 ))(41 (36 (80 (77 79 ))))))(23 81 ))(7 46 )))(5 39 ))(66 (56 (57 (62 (((64 (21 (31 82 )))(60 63 ))(65 74 )))))))(11 (32 52 )))(18 25 ))))(42 (17 47 ))(51 (75 76 )))))))))))(12 (38 73 ))))))((14 (86 (83 (84 90 ))))(30 45 )))))))))*
(0 (3 (19 (45 (((((72 ((9 ((((10 (61 ((1 (75 86 ))(84 (36 (87 (89 (85 88 ))))))))(((2 (((((55 (7 63 ))(20 (46 (34 (58 (83 90 ))))))(((35 (70 (68 69 )))(56 57 ))(39 62 )))(24 (15 21 )))((52 (26 27 ))(54 (81 (78 82 ))))))(25 (12 73 )))(40 (18 (31 66 )))))(17 42 ))(43 53 )))(33 (8 64 ))))((29 (28 67 ))(71 (47 76 ))))(4 16 ))(14 (30 44 )))((41 ((60 ((51 (65 (74 (38 (59 ((5 11 )(48 (23 32 ))))))))(50 (80 (49 (77 79 ))))))(6 13 )))(22 37 )))))))*
(0 ((3 (58 (((61 (((((10 (18 ((31 (64 (33 (((1 84 )(87 (89 (88 (85 86 )))))(72 (13 (44 ((53 (43 (67 ((4 (34 ((47 76 )(80 (77 79 )))))(78 (75 (82 (83 90 ))))))))(9 73 )))))))))(66 (70 (68 69 ))))))(21 (56 57 )))(15 35 ))(((26 (2 (27 (52 81 ))))(24 ((((7 (55 59 ))(39 62 ))(46 (17 20 )))(12 (25 (32 (63 (23 54 ))))))))(40 ((28 (8 50 ))(41 (48 ((22 (42 (51 (60 74 ))))(38 49 ))))))))(36 (5 65 ))))(29 37 ))(16 71 ))))((19 (6 (11 14 )))(30 45 ))))*
(0 ((1 (87 (89 (88 (85 (84 86 ))))))(75 ((((71 (19 (10 ((37 (61 (2 (((((((3 5 )((15 (23 (33 48 )))(24 (81 83 ))))((50 (7 59 ))(69 (70 (49 68 )))))(54 (26 27 )))((20 (46 55 ))((34 (77 (79 80 )))(35 39 ))))(29 58 ))(4 16 )(28 (36 (40 41 )))))))((12 (((31 ((8 (13 (6 14 )))(64 (44 (30 45 )))))(73 (47 (((17 60 )(38 74 ))(32 42 )))))((65 (21 52 ))(90 (78 82 )))))((56 57 )(62 63 )))))))(72 (9 (66 (11 (18 25 ))))))(53 (43 67 )))(51 (22 76 ))))))*
(0 (85 (20 ((24 (12 ((17 (48 ((28 ((10 (18 (36 ((((1 84 )(34 35 ))(71 ((70 (69 (68 ((((2 (86 (89 (87 88 ))))(15 21 ))(3 58 ))((27 ((54 (4 (50 (8 (23 63 )))))(26 (44 (90 (30 45 ))))))(52 81 ))))))(56 57 ))))(9 (66 ((72 ((13 (5 73 ))(33 83 )))((37 ((16 29 )(61 (64 65 ))))(77 (79 80 ))))))))))(25 (11 19 ))))(((43 (67 ((6 14 )(53 (32 (75 (51 76 )))))))(46 (55 (7 (39 62 )))))(40 41 )))))(47 ((22 42 )(60 ((38 49 )(59 74 ))))))))(31 (78 82 ))))))*
(0 (85 (86 ((31 (84 (1 ((82 (75 (78 (76 (51 (3 (58 ((32 (2 (24 ((15 (21 48 ))(52 81 )))))(20 ((((34 (25 (62 (63 (54 (4 23 ))))))(61 (65 ((8 50 )((33 (64 (72 ((13 73 )(14 (44 (30 45 )))))))((16 (79 (77 80 )))(28 (29 37 ))))))))(26 27 ))((46 ((12 ((7 (5 (57 (56 ((66 ((((18 (6 (11 19 )))(9 (53 (43 67 ))))(36 (40 41 )))(22 35 )))(10 39 ))))))(69 (70 (49 68 )))))(71 (55 59 ))))(42 ((38 (17 60 ))(47 74 ))))))))))))))(83 90 )))))(89 (87 88 ))))))*
(0 (82 (78 (75 (51 (46 (20 ((39 ((2 (48 (28 ((((((((72 (13 ((64 (9 (73 ((84 (1 (89 (87 (86 (85 88 ))))))(90 (81 83 ))))))(31 33 ))))(37 (61 (29 (58 ((70 (69 (68 (49 (3 (4 16 ))))))(5 15 23 (65 ((21 52 )(56 57 ))))))((34 54 )(35 50 ))))))(10 18 ))(76 (36 (80 (77 79 )))))(66 71 ))(6 8 ))(22 ((11 19 )(30 (44 (14 45 ))))))(41 (40 (43 (53 67 ))))))))(12 (25 (62 (63 (32 (42 (17 (47 60 ))))))))))((24 (7 (59 (55 (38 74 )))))(26 27 ))))))))))*
(0 (85 (86 (((1 89 )(87 88 ))(84 (31 ((((9 (72 ((13 (8 ((((((((40 (2 ((27 (((7 (((5 15 )(23 (48 59 )))(24 81 )))(39 55 ))(20 46 )))(26 54 ))))(28 41 ))((4 37 )(29 (16 35 ))))(34 61 ))(36 (77 (79 80 ))))(49 50 ))(33 (3 58 )))(70 (68 69 )))))(64 (44 ((14 (6 (11 19 )))(30 45 )))))))(71 (66 ((22 53 )(43 67 )))))(18 (25 (10 (((65 (73 (12 ((17 47 )(74 ((32 42 )(38 60 )))))))(21 52 ))(62 (63 (56 57 ))))))))((75 (78 (51 76 )))(82 (83 90 ))))))))))*
(0 (78 (82 (75 (76 ((25 (((64 (1 ((88 (85 (90 (84 86 ))))(87 89 ))))(65 ((73 ((6 19 )(14 (12 (8 (13 44 ))))))(72 (10 ((9 18 )(22 (11 37 ))))))))((((69 70 (68 (16 ((29 (61 ((((24 (2 (15 33 )))(34 35 ))(5 (59 (48 (40 41 )))))(((4 23 )(54 81 ))(50 (26 27 ))))))((3 58 )(83 (49 (79 (77 80 )))))))))((7 46 )(55 (20 (28 (36 39 ))))))(57 (56 (52 (51 66 )))))((63 (30 45 ))(71 (62 (43 67 )))))))(53 ((32 (17 (42 (47 (60 (38 74 ))))))(21 31 )))))))));
