tread
'partial results for resampling (18 reps.)'
(0 (78 (82 (51 ((23 (55 ((((29 (((37 ((((10 (((75 (1 89 ))(12 73 ))(63 (17 (32 42 )))))(25 62 ))(76 (47 60 )))(71 ((64 ((((72 (14 (30 (6 (19 (44 45 ))))))(13 ((8 (36 ((28 48 )(41 (33 40 )))))(11 18 ))))(9 (22 66 )))(53 (43 67 ))))(87 (88 (85 86 )))))))(4 16 ))((69 ((34 (2 3 ))((83 (90 (31 84 )))(35 50 ))))(68 70 ))))(26 54 ))(5 61 ))((59 (74 (39 ((7 46 )((38 49 )(58 (80 (77 79 ))))))))(20 (27 (15 (24 81 ))))))))(65 (56 (57 (21 52 )))))))))*
(0 (78 (82 (31 ((13 (8 (((((16 (36 (((2 (((55 (39 ((5 ((21 (52 (65 (56 (57 (10 (((1 (89 (87 (88 (85 86 )))))(12 73 ))((62 (63 (42 (32 ((17 (47 60 ))(38 74 ))))))(51 75 )))))))))(15 23 )))((7 59 )(24 81 )))))(27 (20 (46 61 ))))(26 54 )))(28 (40 41 )))(34 (35 50 )))))(76 (18 25 )))((4 (((64 (6 (19 (30 (44 45 )))))(71 ((9 (72 (43 (53 (67 (11 14 ))))))(22 66 ))))(58 (79 (77 80 )))))(29 37 )))(70 (69 (68 (83 (3 49 ))))))(33 48 ))))(84 90 ))))))*
(0 (78 (75 (76 (2 (((40 (41 (28 (36 (((((1 84 )(87 (89 (88 (85 86 )))))(72 (((19 ((9 53 )(43 67 )))((22 (11 37 ))(18 (25 (62 (63 (32 42 )))))))(66 71 ))))(4 16 ))(29 (35 (((((20 51 )(46 (58 (34 (79 (77 80 ))))))(39 55 ))(56 57 ))(54 (26 27 ))))))))))(10 61 ))((3 (48 (8 ((6 (47 (17 60 )))(13 ((14 (44 (30 45 )))((31 73 )(33 64 ))))))))((5 12 )((((7 38 )(49 50 ))((59 74 )(65 (69 (68 70 )))))((24 (15 21 ))(52 (23 (81 (82 (83 90 )))))))))))))))*
(0 (3 (58 ((68 (70 ((59 (26 (7 ((((10 (12 ((((75 ((89 ((31 (1 84 ))(85 86 )))(87 88 )))(66 (71 ((72 ((43 (((14 (45 (6 (30 (11 19 )))))(13 44 ))(9 64 )))(67 (53 73 ))))(8 37 )))))(63 (32 (17 (42 (47 (22 60 )))))))(18 25 ))))((21 (57 (65 ((62 (38 74 ))(51 (76 (78 82 )))))))(52 56 )))(39 ((23 81 )(46 55 ))))(20 (24 27 ))))))(69 (54 (33 (50 (((2 (4 16 )(5 61 ))(28 (48 (36 (40 41 )))))(29 ((15 (80 (49 (77 79 ))))(34 35 )))))))))))(83 90 )))))*
(0 (86 (85 (88 ((1 (31 84 (64 (((2 61 )(((36 (10 (18 ((6 11 )((66 (43 67 ))(75 81 ))))))((8 41 )(40 (33 (9 72 )))))(28 48 )))((25 ((22 (76 (12 (((14 (3 19 ))(30 45 ))(13 (53 (44 73 )))))))(47 (60 (32 (17 42 ))))))((37 (5 (4 16 )))(29 (35 ((((7 (46 (55 63 )))(20 (51 (71 ((62 (57 (52 (39 56 ))))(68 69 70 ))))))(((26 ((15 21 )(65 ((34 50 )((38 (80 (77 79 )))(58 (90 (49 83 ))))))))(27 (24 (78 82 ))))(23 54 )))(59 74 ))))))))))(87 89 ))))))*
(0 (86 (((((67 (1 (87 (89 (85 88 )))))(72 ((33 ((41 ((((10 (71 ((((((27 (26 (35 ((2 (24 (39 (15 (32 (60 74 ))))))(69 (54 (70 ((12 68 )(81 (31 40 ))))))))))(7 63 ))(55 59 ))((57 (56 (65 (11 (5 23 )))))(52 (21 66 ))))(25 (18 62 )))(22 (51 (76 (75 (78 82 ))))))))(61 (16 29 )))(20 (46 (50 (34 (47 (42 (17 (38 ((49 (3 58 ))(77 (79 80 ))))))))))))(8 (48 (4 37 )))))(28 36 )))(64 (9 43 )))))(13 (44 (53 73 ))))(14 (45 (83 (84 90 )))))(30 (6 19 )))))*
(0 ((82 (78 (75 (((2 (32 ((27 (20 (26 46 ((((55 (1 81 ))(59 74 ))(7 (23 (4 49 ))))(38 (12 (17 ((25 ((((((35 (50 ((61 ((((5 73 )(34 (42 62 )))(65 (80 (77 79 ))))(54 63 )))(57 (10 56 )))))(16 (88 (87 89 ))))(29 37 ))(71 (84 (83 90 ))))(68 69 ))((70 (64 (9 (72 (((((45 (30 ((6 19 )(11 14 ))))(13 44 ))(43 67 ))(40 (41 (28 (36 39 )))))(22 48 ))))))(18 (8 (33 66 ))))))(47 60 )))))))))(24 ((3 58 )(52 (15 21 )))))))(31 53 ))(51 76 )))))(85 86 )))*
(0 (82 (78 ((75 ((1 89 )(87 (88 (85 (86 (31 (84 (83 90 )))))))))(73 ((25 (12 (62 (2 ((((((((7 (46 ((58 (61 ((29 (3 (16 35 )))(((4 50 )((28 ((18 ((66 (8 (((6 11 )(40 41 ))(36 (60 (79 (77 80 )))))))(((9 (53 (43 67 )))(72 (33 (13 14 ))))(47 (22 (30 76 ))))))(64 (44 45 ))))(49 (69 (68 70 )))))(37 71 )))))(74 (19 (51 65 ))))))(23 54 ))(55 59 ))(5 20 ))(26 27 ))(38 (15 48 )))(81 (39 (10 (52 (56 (21 57 )))))))(24 34 ))))))(63 (32 (17 42 )))))))))*
(0 (85 (86 (84 (83 (90 (45 (30 (14 ((53 ((1 31 )(((22 (89 ((18 ((((15 (2 24 ))(21 52 ))(62 (25 (((12 38 )(17 60 ))(32 63 )))))(10 (34 (28 48 )))))(11 ((57 (56 (74 (47 (42 (19 (3 58 )))))))((39 (((7 (55 59 ))(20 46 ))((26 27 )(40 41 ))))(69 (70 (49 68 )))))))))(((((50 (54 (23 (4 81 ))))(80 (77 79 )))(61 (29 (16 (35 (5 (36 65 )))))))(71 (66 (51 (76 ((78 (6 8 ))(75 82 )))))))(37 ((72 (33 67 ))(87 88 )))))(9 (43 64 )))))(13 (44 73 ))))))))))))*
(0 (82 (51 (22 ((((9 (72 ((71 (1 (87 (89 (85 88 )))))((3 58 )((33 (16 (35 (5 (55 (20 (7 (46 63 ))(54 ((23 (32 (17 60 )))(59 74 )))))))))(29 37 ))))))(53 (13 ((44 (19 (12 73 )))(14 30 )))))(25 ((11 (((62 (2 28 ((24 81 )((26 27 )(39 (41 (40 (31 (36 61 )))))))))(10 (((15 (38 (34 50 )))(21 52 ))(65 (56 57 )))))(4 48 )))(((8 (6 (45 (78 (83 90 (84 86 ))))))(75 (43 67 )))((18 64 )(66 (69 (70 (49 68 )))))))))(76 (42 47 (80 (77 79 )))))))))*
(0 (78 (75 ((1 (87 (89 (88 (31 (82 (85 (86 (84 (83 90 ))))))))))((10 ((27 ((26 (54 ((60 (35 (2 62 )))((40 (18 25 ))(69 (68 70 ))))))(((((57 ((56 (65 (5 11 )))(39 66 )))(7 (38 63 )))(12 73 ))(32 (24 (23 (15 21 )))))((74 (52 81 ))(55 59 )))))(((46 (61 (3 58 )))(42 ((34 50 )(80 (49 (77 79 ))))))(20 (17 51 )))))((((53 (4 22 ))(((44 (30 (19 (14 (6 45 )))))(9 (64 72 )))(71 (43 67 ))))(((8 (13 (36 41 )))(48 (28 33 )))(37 (16 29 ))))(47 76 )))))))*
(0 (31 ((86 (((1 84 )(85 89 ))(87 88 )))((90 (64 ((71 ((12 (((25 (62 (2 (((24 (39 (55 (20 ((7 (46 (59 (3 58 ))))((((54 (81 (4 (23 (15 33 )))))((29 (16 61 ))(50 (83 (49 (77 (79 80 )))))))(26 27 ))(69 (68 70 ))))))))(34 35 ))(28 (48 (40 (41 (5 36 )))))))))(63 (17 ((32 (60 (38 74 )))(42 47 )))))((10 18 )((21 52 )(56 57 )))))((22 (11 37 ))(43 53 ))))(9 ((66 (8 ((6 13 )(51 65 ))))(72 (73 (67 (75 (76 (78 82 )))))))))))(14 (19 (44 (30 45 ))))))))*
(0 (85 (86 (88 ((84 (1 ((9 ((71 (18 (25 (62 ((((((2 (15 (24 ((81 (68 (3 58 )))((21 52 )(32 (31 (78 82 ))))))))(20 27 ))(((7 ((46 (61 (28 (((29 (4 16 ))(35 (33 (69 70 ))))(50 ((41 (5 (36 (40 (23 48 )))))(49 (77 (79 80 )))))))))(26 54 )))(55 59 ))(34 39 )))(56 57 ))(10 12 ))(63 (17 ((47 (60 (38 (65 74 ))))(42 73 )))))))))(64 ((14 (30 (19 (45 (6 (11 (22 37 )))))))(83 90 )))))(43 ((72 (8 (13 44 )))(67 (66 (53 (76 (51 75 ))))))))))(87 89 ))))))*
(0 (83 ((71 (64 (9 (((72 (43 (22 ((8 (48 (41 (46 (20 ((10 ((1 ((89 (85 88 ))(86 87 )))((12 (39 (((((2 24 )(15 (21 52 )))(27 81 ))(7 (26 (((((60 (47 (17 42 )))(32 (63 73 )))(74 (38 55 )))(25 62 ))(54 (59 (68 (69 (70 (18 (66 (31 82 ))))))))))))(23 40 ))))((5 35 )(57 (56 (11 65 )))))))(((37 ((49 (4 (16 (3 58 ))))(29 61 )))(34 50 ))(28 36 ))))))))(13 14 )))))(33 (79 (77 80 ))))((6 (30 (45 (19 44 ))))(67 (53 (76 (51 (75 78 ))))))))))(84 90 ))))*
(0 (82 (85 (78 (31 (75 (68 (69 (70 ((66 (((11 (((((((((72 (1 (((9 33 )(53 (51 76 )))((71 (19 30 ))(25 (54 59 ))))))((22 (5 (13 (14 44 ))))(12 (89 (87 88 )))))(37 (29 (35 (16 (3 58 ))))))(20 (46 (7 (23 (((60 (17 (32 63 )))((42 73 )(47 74 )))(55 (80 (77 79 )))))))))(61 ((50 (26 27 ))(43 (56 57 )))))(40 41 ))(36 39 ))(28 (10 (48 (38 (15 (24 (81 (2 (21 52 ))))))))))(8 49 )))(18 ((4 (84 (83 90 )))(67 (34 62 )))))(86 (6 45 ))))(64 65 )))))))))))*
(0 (78 (76 (53 (58 (68 (2 ((27 (20 (((54 ((12 (1 ((9 (72 (33 ((14 30 )(44 73 )))))(40 (43 67 )))))(25 (71 (35 ((10 39 )(66 (56 57 ))))))))(37 (26 (4 (28 (70 (8 ((18 (41 (11 (6 (((38 ((65 ((3 51 )(59 74 )))(50 (5 22 ))))(13 64 ))(49 (19 45 )))))))((15 (36 82 ))(47 (60 (77 (79 80 ))))))))))(34 (61 (29 (69 (16 62 ))))))))((55 (63 (46 (7 17 ))))(((23 48 )(89 (88 (87 (85 ((31 75 )(86 (84 (83 90 )))))))))(32 42 ))))))((21 52 )(24 81 ))))))))))*
(0 (58 (53 ((32 (42 (19 (((1 (89 ((75 (84 86 ))(87 88 ))))((71 (9 (66 (18 25 ))))(72 (22 (43 (11 (67 (28 (29 37 )))))))))(10 ((36 (41 (40 (39 (((35 ((2 27 )(26 (54 63 ))))(((5 ((38 (65 ((60 ((17 (47 (64 ((((3 ((6 (14 (8 (13 44 ))))(30 45 )))(49 (68 (78 ((82 (31 85 ))(83 90 ))))))(33 48 ))(69 70 )))))(12 73 )))(59 74 ))))(23 (50 (52 81 )))))(7 (24 (15 21 ))))(62 (56 57 ))))(55 (20 (46 (34 (80 (77 79 )))))))))))(61 (4 16 ))))))))(51 76 )))))*
(0 ((85 (88 (89 (1 87 ))))(86 (84 (((45 (64 (((50 ((((18 (2 (11 36 (40 (41 (6 (8 48 )))))))(26 27 ))(((39 62 )(56 57 ))((66 (43 67 ))(68 69 70 ))))(65 ((15 38 )((21 52 )(24 (81 (78 82 ))))))))(34 49 ))((28 (37 (29 ((19 (3 58 ))(71 ((35 (5 7 ))(16 (20 (46 (((((33 (44 (72 (9 53 ))))(13 14 ))(23 (12 (73 (((17 60 )(32 (55 63 )))(74 (42 47 )))))))(22 (76 (79 (77 80 )))))(30 51 )))))))(59 (25 54 ))))))(61 (4 10 ))))))(83 90 ))(31 75 ))))));
