tread
'partial results for resampling (15 reps.)'
(0 ((86 (85 (88 ((1 ((21 (52 (31 (65 (64 ((72 (37 (((28 ((20 ((2 24 )(27 (26 ((39 (55 (7 46 )))(23 (81 (54 59 ))))))))((41 (43 ((8 (12 ((14 ((6 19 )(30 45 )))(13 (44 (53 73 ))))))((17 (42 (47 ((74 (38 (32 62 )))(60 82 )))))(25 (67 ((51 (22 76 ))(75 78 ))))))))(40 48 ))))((5 (15 36 ))(68 69 70 )))((33 ((4 16 )(29 61 )))(50 ((34 35 )(80 (49 (77 79 )))))))))((10 (9 (11 18 )))(71 (63 66 )))))))))(56 57 )))(87 89 )))))((83 (3 58 ))(84 90 ))))*
(0 (86 (85 (88 ((1 ((62 ((69 (35 ((2 24 )(16 (34 (28 33 ))))))(((15 ((((54 ((50 (46 (61 (29 (58 (68 (3 (49 (77 (79 80 ))))))))))(4 (20 ((51 (6 13 ))(11 65 ))))))(26 27 ))(59 (52 81 )))(7 70 )))(((10 (71 (64 (9 ((22 (37 (8 48 )))(43 53 ))))))((18 25 )(66 (56 57 ))))((63 (32 (42 (47 (17 60 )))))(38 74 ))))((23 (36 (5 (40 41 ))))(39 55 )))))((12 (((30 (19 (44 (14 45 ))))(73 ((67 72 )(75 76 ))))(78 (83 (84 90 )))))(21 (31 82 )))))(87 89 ))))))*
(0 (82 (78 (75 (76 (51 (22 (6 ((8 (48 ((41 ((40 (33 (72 ((64 (1 45 ))((9 (53 (43 67 )))(31 (83 (84 90 )))))(13 (73 (14 44 )))))(59 81 ))((2 (24 ((52 (21 ((10 (12 (65 ((66 ((71 ((16 (68 (70 (35 69 (5 (20 39 ))))))(19 30 )))((62 (((32 (17 (42 47 )))(60 (38 74 )))(55 63 )))(56 57 ))))(88 (87 (89 (85 86 ))))))))(18 25 ))))(15 36 ))))((54 (23 (4 11 )))(26 27 )))))(28 ((34 (58 (3 (49 (79 (77 80 ))))))(50 (7 46 )))))))(37 (29 61 )))))))))))*
(0 (82 (78 (75 (76 ((67 (4 (((22 (25 (((10 ((71 (45 ((1 (89 ((86 (31 85 ))(87 88 ))))(84 (83 90 )))))((66 ((72 ((13 (5 73 ))(33 64 )))((((61 (16 36 ))(29 (35 (63 65 ))))((23 54 )(49 50 )))(77 (79 80 )))))(9 (18 (11 37 ))))))(34 ((70 (69 (68 ((3 58 )(15 21 )))))(56 57 ))))(42 ((48 ((7 (26 (39 46 )))((20 27 )(24 (((38 74 )(55 59 ))(52 81 ))))))(17 (12 30 )))))))((19 (62 (43 (14 44 ))))(28 (40 41 ))))(8 (47 (6 60 ))))))(53 (32 (2 51 )))))))))*
(0 ((1 (87 (89 (88 (85 (31 82 ))))))(((((((((2 40 )((((5 23 )(35 (54 59 )))(7 55 ))(39 (69 (68 70 )))))(81 (15 24 )))(26 27 ))((21 52 )(65 (56 (57 62 )))))(12 (25 ((32 (60 (38 74 )))(63 73 )))))(66 (11 18 )))(10 ((71 ((22 ((((37 (33 ((((3 58 )(79 (77 80 )))(29 (16 (20 46 ))))(50 ((4 (41 (28 36 )))(48 (61 (34 49 ))))))))(13 72 ))(51 76 ))(47 (17 42 ))))(9 (53 (44 (14 (19 30 )))))))((6 8 )(64 (43 (45 67 )))))))(75 ((78 (83 90 ))(84 86 ))))))*
(0 (85 (86 ((89 (1 ((71 (37 ((29 (((54 (61 ((((34 (2 (15 (21 24 ))))(28 (62 ((12 (23 48 ))(63 (32 (17 (60 (38 (42 (47 74 )))))))))))(26 27 ))(57 (56 (((10 (25 (18 (((3 58 )(19 (11 14 )))(9 (22 (43 (67 (66 ((8 (6 13 ))(72 (53 (75 (51 76 ))))))))))))))(52 81 ))(((7 59 )(20 (46 55 )))(39 (36 (40 41 ))))))))))(((5 73 )(50 65 ))(80 (77 79 ))))(35 (33 (4 16 )))))(69 70 ((44 (30 45 ))(49 68 ))))))(64 ((31 (78 82 ))(84 (83 90 )))))))(87 88 )))))*
(0 (82 (86 (83 (90 ((75 (78 ((2 (24 ((((((12 (1 (89 (87 88 ))))(((25 (((53 (71 (66 (67 (4 (43 (68 69 )))))))(37 (16 29 )))(47 (35 76 ))))(54 59 ))(32 73 )))((7 46 )(20 (55 (17 63 )))))((15 ((((50 (49 (22 (5 (((19 (3 58 ))((60 (42 74 ))(51 65 )))(38 (80 (77 79 ))))))))(41 (13 (11 (6 45 )))))(70 (18 (64 (9 ((14 30 )(44 (33 72 ))))))))(8 (40 (28 (36 (23 48 )))))))(26 27 )))(39 (10 ((21 52 )(56 57 )))))(61 81 ))))(34 62 ))))(31 (84 85 ))))))))*
(0 (86 (85 (88 (89 (87 (1 ((((72 ((76 (67 ((40 (((2 24 )(39 55 ))(12 62 )))(28 41 ))))(44 (14 (30 (19 45 ))))))(((64 (10 ((((50 (49 ((3 58 )(77 (79 80 )))))(15 (68 70 )))((4 61 )(29 37 )))(((6 11 )(13 22 ))((43 ((((7 59 )(54 (26 (27 81 ))))(20 46 ))((25 (63 ((42 (17 47 ))(32 (60 (38 74 ))))))(51 53 ))))(8 48 ))))))(18 (65 (56 (57 (52 66 ))))))(9 71 )))(16 (34 (33 (69 (35 ((23 (5 36 ))(21 73 ))))))))((31 (75 (78 82 )))(84 (83 90 )))))))))))*
(0 (82 (78 (75 ((32 ((30 (19 ((73 (54 (61 (50 (((71 (29 (35 (16 ((((1 89 )(88 (87 (85 86 ))))((33 (9 (31 53 )))((13 14 )(72 (44 ((43 67 )(64 (45 (84 (83 90 ))))))))))(47 60 ))))))(18 ((6 ((41 (40 (11 (4 (22 37 )))))(28 36 )))(8 66 ))))(70 (68 69 ))))(65 ((26 27 )(56 57 ))))))(12 ((25 ((10 ((2 ((24 (15 21 ))(52 81 )))((34 38 )(62 (39 49 )))))(48 (23 (5 17 )))))(((63 (7 46 ))(42 (80 (77 79 ))))(74 (59 (20 55 )))))))))(3 58 )))(51 76 ))))))*
(0 (85 (86 (88 (75 (((((83 (49 ((3 (58 ((20 (27 (((26 (39 ((((54 (65 (50 (61 ((71 (((64 (66 (((41 (12 ((31 (1 84 ))(36 (5 40 )))))((43 (9 22 ))((10 48 )(18 (25 (17 60 ))))))(8 (6 13 )))))(33 72 ))((37 (28 67 ))(29 90 ))))(47 (42 73 )))))))(70 (35 69 )))(56 57 ))(7 46 ))))(((23 62 )(34 (38 63 )))(59 (55 74 ))))(24 (52 (15 21 ))))))(51 ((76 (53 (2 32 )))(78 82 ))))))(68 81 ))))((19 (44 (11 14 )))(30 45 )))(4 16 ))(79 (77 80 )))(87 89 )))))))*
(0 ((85 (86 (88 (31 (84 (1 (87 89 )))))))(75 (78 (76 (51 (53 ((2 (((((59 (12 (((64 (44 (((3 58 )(83 90 ))(30 45 ))))(69 70 (49 68 )))(7 50 ))))(65 (74 (38 (17 (73 (47 60 )))))))((15 (21 (23 (5 48 ))))(24 (52 (81 82 )))))(20 27 ))(61 (54 ((28 ((41 (((18 (22 (37 ((4 11 )(36 40 )))))(9 43 ))((33 (8 (13 (6 14 ))))(((16 19 )(29 35 ))(72 (67 (66 71 )))))))(10 (39 56 ))))(25 (26 (57 (62 (34 46 ))))))))))(32 (42 (55 (63 (80 (77 79 ))))))))))))))*
(0 (((31 (85 (((1 89 )(87 88 ))(84 86 ))))(75 (81 (32 ((15 (24 (((((54 (26 ((16 35 ((33 (2 28 ))(((((64 (66 ((9 ((22 (53 (43 (4 67 ))))(6 (30 (44 (19 (45 (11 14 ))))))))(71 72 ))))(18 ((25 48 )(76 (47 (77 (79 80 )))))))(8 (70 (69 (49 68 )))))(29 37 ))(36 (40 41 )))))(60 (50 (13 (3 58 )))))))((61 (10 (12 (5 73 ))))(59 74 ))(23 (65 (56 57 ))))((7 (46 63 ))(34 (38 (17 42 )))))(55 (39 62 )))(20 27 ))))(52 (21 51 )))))))(82 (78 (83 90 )))))*
(0 ((83 (((((8 (37 ((((1 ((88 (86 (84 85 )))(87 89 )))(64 (31 90 )))(72 (((14 (13 (45 (6 11 ))))(((12 ((((78 (25 ((21 (10 18 ))(62 (38 60 )))))(67 (52 63 )))(17 32 ))(75 82 )))(76 (22 47 )))(43 53 )))(9 (44 73 )))))((66 (57 (56 (19 (65 ((5 (3 ((29 (16 35 ))(58 61 ))))(51 (42 74 ))))))))(30 71 )))))(36 ((59 (20 (39 (55 (7 46 )))))(40 41 ))))(50 (49 (77 (79 80 )))))(((34 (2 15 ))((28 (23 48 ))(24 81 )))(4 33 )))(54 (26 27 ))))(70 (68 69 ))))*
(0 (82 (75 (78 ((25 (12 (76 ((((72 ((((1 (89 (87 (88 (85 (84 86 ))))))(81 (83 90 )))(13 44 ))((9 73 )(64 (31 33 )))))((37 (29 (61 (5 (3 58 )))))((10 (21 (18 (65 (34 (15 (79 (77 80 ))))))))(((36 (16 35 ))(56 57 ))(66 (71 (70 (68 69 ))))))))(8 ((48 (28 ((2 24 )((4 (50 (26 27 )))(52 (23 54 ))))))(40 41 ))))((11 22 )(14 (53 (43 67 ))))))))((6 (19 59 ))(((51 (62 ((20 (7 (46 55 )))(39 49 ))))(45 (30 63 )))(((60 (17 38 ))(32 42 ))(47 74 )))))))))*
(0 (((83 (((64 (31 (33 ((72 (((1 40 )(9 (43 53 )))(67 ((((12 (41 (39 ((28 ((2 (24 ((21 (5 23 ))(15 48 ))))(34 62 )))(((57 (56 (61 (65 (51 (29 ((79 (3 58 ))(16 (19 36 )))))))))(10 (25 (18 (4 (22 (11 37 )))))))((26 (27 (54 ((50 (7 59 ))(52 81 )))))(20 46 )))))))(73 (55 (32 (63 ((42 (47 (17 (38 (60 74 )))))(77 80 )))))))((35 (66 71 ))(88 (87 (85 89 )))))(75 76 )))))(14 (13 (6 8 )))))))(90 (84 86 )))(44 (30 45 ))))(49 (68 (69 70 ))))(78 82 )));
