tread
'partial results for resampling (17 reps.)'
(0 (83 ((58 ((29 ((61 ((((23 (81 (1 52 )))(27 (26 50 )))(20 (((2 ((((13 (8 (48 (37 (22 43 )))))(72 ((14 ((11 44 )(30 45 )))(88 (87 89 (85 86 ))))))(40 41 ))(28 36 )))(39 (15 (49 (38 (80 (77 79 )))))))(55 (24 (12 ((5 21 )(10 (56 57 )))))))))(7 46 )))(35 (((((53 (6 ((9 18 )(66 (31 33 )))))(67 (75 (76 (51 (78 82 ))))))(25 ((((63 (17 (42 (74 (47 60 )))))(32 73 ))(19 65 ))(54 (59 (34 62 ))))))(64 71 ))(69 (68 70 ))))))(4 (3 16 ))))(84 90 ))))*
(0 (82 (78 ((24 ((1 12 )((21 ((34 ((62 (2 28 ))((5 36 )((16 (35 69 ))((84 86 )(85 (87 88 )))))))(((((61 (54 ((((71 ((4 (3 11 ))(64 (44 (45 90 )))))(37 (25 (10 18 ))))(29 58 ))(70 (49 68 )))))(59 74 ))((26 50 )(27 (52 81 )))(65 (56 57 )))(7 20 ))(15 38 ))))(39 (19 (((((63 (17 (60 (47 (13 ((6 51 )(22 ((66 (8 48 ))(9 (43 53 ))))))))))(32 42 ))(46 (80 (77 79 ))))(23 55 ))((((72 (14 67 ))(73 (31 (40 41 ))))(30 89 ))(75 76 ))))))))(33 83 )))))*
(0 (82 (78 (75 (76 ((25 ((4 (22 ((9 (72 (((1 84 )(89 ((85 86 )(87 88 ))))((44 (33 (13 64 )))(83 90 )))))(43 53 ))))((11 (28 (14 67 )))(29 37 )))(48 (6 8 )))(((10 ((17 ((47 (49 (74 (59 (12 ((5 ((65 (50 ((34 (2 36 ))(61 (80 (77 79 ))))))(15 (52 (21 (73 (31 81 )))))))(23 24 )))))))(38 60 )))(42 (32 (((20 (46 (7 63 )))((55 (39 62 ))(56 57 )))(27 (26 54 )))))))(19 (40 41 )))(18 ((3 58 )((51 (16 35 )(66 71 ))((30 45 )(68 69 70 ))))))))))))*
(0 (85 (14 (30 (19 (((6 (8 ((((71 (25 (37 ((54 (29 (35 (((22 (((12 (1 (89 (87 88 ))))(32 ((55 (46 (20 (7 (59 (5 23 ))))))(17 63 ))))(42 (74 (47 60 )))))(51 76 ))(80 (77 79 ))))))(16 33 )))))(72 (9 (53 (13 (44 73 ))))))(66 ((4 (75 (81 (78 82 ))))(43 67 ))))((50 (2 61 ))((((26 ((10 ((65 (52 (21 24 )))(56 57 )))(27 ((15 (38 49 ))(34 (39 62 ))))))(69 (68 70 )))(36 (28 (41 (40 48 )))))(18 (31 64 )))))))(11 (45 ((83 90 )(84 86 )))))(3 58 )))))))*
(0 (1 ((((25 ((57 (((10 ((((2 34 )(36 (28 (40 41 ))))(61 ((50 (8 (49 (4 ((3 ((16 (35 (58 (29 37 ))))(33 83 )))(68 (69 70 )))))))(54 (26 27 )))))((39 ((((5 15 )(23 48 ))(24 81 ))(7 59 )))(20 ((46 55 )(80 (77 79 )))))))((18 (64 (71 (9 (66 (72 ((((6 13 )(14 (30 (44 45 ))))(76 (22 51 )))(53 (43 67 )))))))))(11 ((88 (85 (86 (84 90 ))))(87 89 )))))(56 (65 (21 52 )))))(63 73 )))((32 (42 (17 (47 60 ))))(38 74 )))(19 62 ))(12 (78 (82 (31 75 )))))))*
(0 (85 (86 (88 ((36 (69 (35 ((((64 (((1 84 )(45 (83 90 )))((9 (44 73 ))(72 (33 67 )))))((18 (10 (34 (((17 ((46 (((20 (((((27 (((2 24 )(15 21 ))(52 81 )))(31 68 ))(3 58 ))(51 (76 (75 (78 82 )))))(32 53 )))((7 (55 (59 74 )))(12 39 )))((22 (41 (30 (6 19 ))))(43 (13 (14 40 ))))))(42 47 )))((62 (23 (54 63 )))(25 (38 60 ))))(28 (4 48 ))))))((8 (50 (49 (79 (77 80 )))))(71 (37 (61 (16 29 )))))))(66 70 ))(26 (57 (56 (65 (5 11 )))))))))(87 89 ))))))*
(0 (85 (86 (88 (87 (89 (1 (((71 ((8 (66 (12 ((10 (((((2 (4 (28 67 )))(24 (33 81 )))(62 (15 60 )(84 (34 (38 63 )))))((17 (32 (23 48 )))(21 52 )))(18 25 )))(((((20 (((58 (3 (83 90 )))(50 (36 (49 (77 (79 80 ))))))(7 46 )))(55 (35 39 )))(54 (5 14 )))(26 27 ))(56 57 ))))))((((11 (6 (19 (30 45 ))))(41 (22 (51 74 ))))(65 (13 64 )))(61 ((16 (29 37 ))(40 (59 (69 (68 70 )))))))))(72 ((9 (43 53 ))(44 73 )))(76 (42 47 )))(75 (31 (78 82 )))))))))))*
(0 (85 ((75 (86 (31 (84 (1 (45 ((64 ((((((10 (52 (21 (78 (24 (((2 (28 (4 48 )))((15 38 )(34 62 )))(81 (33 67 ))))))))(18 (25 (63 ((17 60 )(23 32 ))))))(56 (57 (50 ((26 27 )(61 ((39 49 )(68 69 70 ))))))))(8 66 ))((37 (29 (((54 (20 (3 5 )))(58 (7 46 )))(16 35 ))(71 (55 59 ))))(((((((6 11 )(65 (36 41 )))(13 (40 (14 72 ))))(51 (79 (77 80 ))))(22 (47 (42 74 ))))(76 82 ))(12 (19 30 )))))(43 (53 (9 (44 73 ))))))(83 90 ))))))))(88 (87 89 )))))*
(0 ((83 (((68 (16 (((35 (((20 ((((((63 (1 52 ))(8 (44 (30 (45 90 )))))(26 27 ))(50 (23 (54 (4 81 )))))(61 ((25 ((64 ((9 (43 (53 ((6 (19 (11 14 )))(13 (22 (51 (65 (60 (42 (38 74 )))))))))))(18 71 )))(66 (72 (76 (78 (82 (31 75 )))(37 67 ))))))((57 (10 56 ))(21 (12 (62 (73 (17 (32 47 ))))))))))(7 46 )))((2 24 )((39 (15 34 ))(55 59 ))))((5 41 )(40 (36 48 )))))(28 29 ))(33 69 70 ))))(49 (79 (77 80 ))))(3 58 )))(86 (85 (84 (88 (87 89 )))))))*
(0 (85 (86 (((71 (((33 (((48 (61 (((((((5 ((52 (1 81 ))(10 56 )))(39 (7 55 )))((15 24 )(23 32 )))(12 ((21 57 )(65 (73 (((25 (51 (76 (75 (78 82 )))))(54 59 ))(62 63 )))))))(27 (2 26 )))(34 ((17 42 )(38 74 ))))(20 46 ))))((8 ((13 (22 ((6 (19 (11 14 )))((9 (53 (43 67 )))(18 66 )))))(((36 (80 (77 79 )))(47 60 ))(40 41 ))))(28 (29 37 ))))(35 (50 (49 (4 (16 (3 58 ))))))))(70 (68 69 )))(64 (72 (44 (30 45 ))))))(31 (84 (83 90 ))))(87 (88 89 ))))))*
(0 (31 (85 ((1 (89 ((12 ((((66 (64 ((8 (((48 ((2 (15 (24 (((((3 58 )(50 (35 ((49 (34 38 ))(79 (77 80 ))))))(63 (7 46 )))(26 27 ))((39 (20 55 ))(69 (68 70 )))))))(5 (36 (40 41 )))))(28 33 ))(61 (4 (37 ((67 71 )(76 (75 (78 82 ))))))(16 29 ))))(13 72 ))))(65 ((21 52 )(56 57 ))))(((32 (((9 (18 ((6 11 )(53 (43 62 )))))(14 22 ))(73 (19 44 ))))(23 (54 (59 81 ))))(30 (45 51 ))))(25 (10 (17 (42 74 (47 60 )))))))(87 88 ))))(86 (84 (83 90 )))))))*
(0 (82 (78 (75 ((51 ((46 (((((71 (9 ((13 (44 (((((31 (84 ((1 89 )(87 88 ))))(85 86 ))(83 90 ))(30 45 ))(49 (3 58 )))))((((56 57 (65 (61 (54 (73 (5 23 ))))))((10 34 )(15 21 )))(18 (66 ((64 (8 50 ))((72 (33 (16 (79 (77 80 )))))(29 37 ))))))(70 (68 (69 (35 36 ))))))))(((22 (6 (19 (11 14 ))))(43 53 ))(47 60 )))(40 41 ))(20 48 ))(7 (((2 (24 39 ))(26 27 ))((12 ((74 (52 81 ))(55 59 )))((25 (32 62 ))(38 63 )))))))(17 42 )))(76 (4 (28 67 ))))))))*
(0 (82 (78 (75 (51 (76 (53 (((6 ((((((1 ((86 (84 90 ))(87 (89 (85 88 )))))(10 (37 (((58 (((20 (46 (7 (((((2 24 )(39 ((5 (15 36 ))(23 40 ))))(55 59 ))(54 (26 27 )))(35 (69 (68 70 )))))))(34 61 ))(50 (80 (77 79 )))))(33 (28 (41 48 ))))(29 ((49 (4 (3 16 )))(81 83 )))))))(64 71 ))((11 18 )(((12 (25 62 ))((31 66 )(73 (32 (74 (60 (38 63 )))))))(65 ((21 52 )(56 57 ))))))(19 (44 (30 45 ))))((8 14 (13 22 ))(9 72 ))))(43 67 ))(47 (17 42 ))))))))))*
(0 (19 (((14 (53 (12 ((24 (48 (((28 (36 ((((((33 (5 (73 (23 ((1 (89 (85 (87 88 ))))(54 63 ))))))(16 35 ))(37 (29 (3 58 )(71 (9 72 )))))(4 (8 50 )))((18 66 )((31 (83 90 (84 86 )))(64 (69 (68 70 ))))))(((26 (2 (27 (52 81 ))))(61 (21 ((57 (10 56 ))(11 65 )))))(34 (15 (((74 (42 (22 ((32 (51 76 ))((82 (47 60 ))(80 (77 79 )))))))(38 (45 49 )))(39 62 ))))))))((40 41 )(43 67 )))(75 78 ))))(17 (7 (59 (25 (20 (46 55 ))))))))))(30 44 ))(6 13 ))))*
(0 (85 (31 ((86 (89 (1 84 )))((75 ((51 (76 (53 (67 (72 ((66 (65 (64 (6 (8 ((33 ((5 ((((39 (20 (2 (15 24 ))))((34 (7 46 ))((59 (55 (38 (74 ((17 (47 60 ))(42 (32 (63 73 ))))))))(81 83 ))))(((48 (70 (69 (49 (68 (3 58 ))))))(40 41 ))(28 36 )))(61 (4 ((23 54 )(50 (26 27 )))))))((16 35 )(29 37 ))))(79 (77 80 ))))))))(((9 18 )((19 (11 14 ))((30 (13 44 ))(45 (90 (52 71 ))))))(25 ((12 (10 (21 (56 57 ))))(22 (43 62 )))))))))))(78 82 )))(87 88 ))))))*
(0 ((78 ((75 (76 (51 (71 ((53 (((72 (1 (87 (88 89 ))))((((((2 40 )((32 ((((24 ((23 (5 73 ))(15 21 )))(52 81 ))(((7 38 )(50 (17 47 )))(12 (65 (60 (59 74 ))))))((39 55 )((56 57 )(62 63 )))))(54 (26 27 ))))(((10 61 )(42 (20 46 )))((19 41 )(28 (34 (36 (80 (77 79 ))))))))(4 22 ))(16 (35 ((66 (18 25 ))(70 (68 69 ))))))(29 (11 37 ))))(9 (((44 (13 (3 58 )))(14 ((6 (30 45 ))(48 (8 49 )))))(33 64 )))))(43 67 ))))))(86 (84 (83 90 )))))(82 (31 85 ))))*
(0 (82 (78 (76 (75 (51 (32 (((((25 ((62 (10 ((84 (1 (89 (87 (88 (85 86 ))))))(34 (26 54 )))))(48 (28 ((18 (33 ((((31 (68 (3 58 )))(69 70 ))((36 ((4 ((49 (83 90 ))(77 (79 80 ))))((64 (72 (9 ((22 (6 ((11 19 )(14 (44 (30 45 ))))))(53 (43 67 ))))))(66 71 ))))(37 (16 (29 35 )))))(8 50 ))))(40 (41 (13 (47 60 )))))))))(63 (17 38 )))(12 (42 74 )))(59 ((39 (57 (56 (65 (61 (5 (23 73 )))))))(55 (7 46 )))))(2 (((24 (15 21 ))(52 81 ))(20 27 )))))))))));
