tread
'partial results for resampling (24 reps.)'
(0 ((85 ((86 (45 (71 (16 ((61 ((2 31 ((36 (18 (25 (((41 (40 ((12 (1 81 ))(73 (32 (17 (42 (47 60 ))))))))(75 76 ))(8 ((53 ((13 ((6 ((11 (3 19 ))(14 30 )))(22 (51 (79 (77 80 ))))))(9 (33 72 ))))(66 (43 67 ))))))))(5 10 )))(28 (34 (24 (((62 (20 (7 (46 (55 63 )))))(57 (52 (39 56 ))))((27 ((15 (21 23 ))(50 (65 (59 (38 74 ))))))(26 (54 (35 ((29 58 )(69 (70 (49 68 ))))))))))))))(44 (4 ((64 (37 48 ))(87 (88 89 ))))))))))(84 (83 90 ))))(78 82 )))*
(0 (78 ((6 (((66 (71 ((((37 (33 ((48 ((4 (50 (26 (27 ((61 ((((10 (63 (1 52 )))(56 (65 (57 (((12 (19 73 ))(62 (((32 (17 42 ))(47 60 ))(74 (38 77 )))))(21 31 ))))))(5 (36 (((28 (2 24 ))(59 (20 ((7 46 )(39 55 )))))(40 41 )))))(15 (34 80 ))))(81 (23 54 )))))))(29 (70 (69 (16 35 ))))))(8 (68 (((3 58 )(83 (84 90 )))(49 79 )))))))(87 (89 (88 (85 86 )))))(64 (9 72 )))(11 18 ))))(43 67 ))(22 (25 (51 (76 (75 82 )))))))((13 53 )(14 (44 (30 45 )))))))*
(0 (85 (86 (((30 ((44 (71 ((64 ((18 ((((2 ((10 (12 (1 89 )))((61 ((54 (50 (35 (29 (37 ((16 (4 (87 88 )))(8 (((33 (13 73 ))(72 (66 67 )))((25 (75 (51 (78 82 ))))(76 (47 (60 (77 (79 80 ))))))))))))))(5 65 )))((((20 (7 (55 59 ))(46 (23 (48 (32 (63 (17 42 )))))))((62 (34 (38 74 )))(39 49 )))(56 57 ))(26 (27 (81 (52 (24 (15 21 ))))))))))(28 36 ))(40 41 ))(70 (68 69 ))))(31 84 )))(9 (53 (22 43 ))))))(45 (83 90 ))))(19 (11 (6 14 ))))(3 58 )))))*
(0 ((85 (31 (75 (86 ((((29 (((28 ((55 (39 (((14 (12 ((((52 (1 81 ))(63 (27 (26 (54 (4 (8 50 )))))))(44 (30 45 )))(73 (17 ((74 (38 (65 ((3 51 )(13 (6 64 ))))))(47 (32 42 ))))))))(24 (5 ((15 21 )(23 48 )))))(((46 (7 49 ))(58 61 ))(20 (57 (10 56 )))))))(62 (2 34 ))))(16 35 ))(33 (69 (68 70 )))))((76 (72 (67 (66 (71 (43 (53 (9 (18 25 )))))))))(19 ((41 (40 (11 (22 37 ))))(36 ((59 60 )(79 (77 80 ))))))))(88 (87 89 )))(84 (83 90 )))))))(78 82 )))*
(0 (85 (86 (84 (83 (90 (45 (30 (44 (49 (4 (50 (((34 ((((65 (((12 ((1 (52 81 ))(82 (59 (55 74 )))))(25 (51 (76 (75 78 )))))(10 (56 (39 ((5 20 )(7 46 )))))))(57 62 ))(61 ((23 54 )(26 27 ))))((24 ((2 48 )(15 21 )))(38 (63 ((17 42 )((32 73 )(47 60 ))))))))(28 ((8 (18 (((53 (22 (13 ((14 ((3 58 )(19 (6 11 ))))((79 (77 80 ))(88 (87 89 )))))))(9 (72 (71 (66 (43 67 ))))))((16 35 )(33 (29 37 ))))))(36 (40 41 )))))((31 64 )(68 69 70 )))))))))))))))*
(0 (31 ((75 ((1 ((84 86 )(87 88 )))(85 89 )))(76 ((22 ((71 (25 (((((28 (((2 34 )(33 (16 35 )))(((5 65 )(24 (15 21 )))((57 ((7 46 )(20 51 )))(62 (39 ((67 (43 66 ))(55 56 ))))))))(36 (40 41 )))(10 61 ))(18 (((((49 (6 (3 (13 14 ))))(((12 19 )(73 (38 (74 (47 ((17 60 )(32 (42 (80 (77 79 ))))))))))(83 (78 82 ))))(68 (((50 ((23 (4 11 ))(27 (52 81 ))))(26 (54 63 )))(8 (45 (90 (30 44 )))))))(48 64 ))(69 70 ))))(29 37 ))))(9 (59 72 ))))(53 58 ))))))*
(0 (82 (78 (75 (76 (51 ((72 ((43 ((9 (64 ((66 (((31 (25 ((10 (1 (89 (87 (86 (85 88 ))))))(12 (((((2 (40 (48 (4 22 ))))(5 (23 (11 37 ))))(15 21 ))(((24 ((39 (20 (7 46 )))(81 (54 59 ))))(26 27 ))(55 (((17 (42 (47 60 )))(32 (63 73 )))(38 74 )))))(65 (57 (52 56 ))))))))(18 62 ))(69 (68 70 ))))(71 (30 45 )))))(13 44 )))((6 19 )(53 (14 67 )))))(8 (41 (((((3 58 )(83 (84 90 )))(50 (35 (34 (49 (79 (77 80 )))))))(61 (28 29 )))(16 (33 36 ))))))))))))*
(0 ((85 (86 (14 (((((35 69 (70 ((48 (33 ((15 (24 ((62 ((10 (((47 ((1 31 )(12 (19 73 ))))(((61 ((5 (36 39 ))(40 41 )))(((7 (50 (38 (34 63 ))))(46 (80 (77 79 ))))((20 (27 (26 54 )))(55 (59 74 )))))(32 42 )))(17 60 )))((21 52 )(65 (56 57 )))))(23 81 ))))(2 28 ))))(64 (((6 53 )(8 13 ))(((9 43 )(11 (18 25 )))(22 (66 ((67 (29 37 ))(71 (72 ((51 76 )(75 (89 (87 88 )))))))))))))))(4 16 ))(49 68 ))((3 58 )(83 (84 90 ))))(30 (44 45 ))))))(78 82 )))*
(0 (85 (86 (89 ((75 ((((31 (64 ((1 84 )(59 90 ))))(((48 ((21 (52 ((2 ((26 (27 (10 (56 ((39 (20 (7 46 )))(57 62 ))))))(61 (34 (54 (((((17 (38 74 ))(47 60 ))(80 (77 79 )))(32 ((42 73 )(55 63 ))))(25 (51 65 ))))))))(15 24 ))))(12 ((58 (5 23 ))(13 44 )))))((50 (6 8 ))(28 ((18 (37 ((29 (76 ((9 (72 (33 53 )))(71 (66 (43 67 ))))))(22 35 ))))(36 (40 41 ))))))(69 (70 ((68 (30 (19 (45 (14 (3 11 ))))))(4 16 ))))))(78 82 ))(49 (81 83 ))))(87 88 ))))))*
(0 (20 (((39 (((15 (((57 (((1 (89 (87 (85 88 ))))(31 (84 86 )))((66 ((18 ((6 11 )(62 (43 (67 (75 78 ))))))(8 (64 (45 (83 90 ))))))(10 56 ))))(21 52 ))(38 65 )))((49 ((61 (4 36 ))(34 50 )))(70 (68 69 ))))(24 81 )))(27 (26 (2 (48 (28 (40 41 )))))))(((54 (35 (((33 ((3 58 )(79 (77 80 ))))(37 (71 (72 (9 (53 ((44 (((25 (12 (((47 (17 42 ))(60 74 ))(73 (32 63 )))))((13 51 )(76 82 )))(14 30 )))(19 22 ))))))))(16 29 ))))(5 23 ))((7 46 )(55 59 ))))))*
(0 ((86 (87 (84 (31 ((((28 (49 (47 (48 ((12 (24 ((((57 (56 ((39 (((75 (1 89 ))((41 (60 (22 (43 (53 (67 (6 14 )))))))(76 ((37 (36 ((8 33 )(66 (18 (40 (11 35 )))))))(16 29 )))))(10 20 )))(55 (32 (63 (23 (52 81 ))))))))(27 (2 (26 54 ))))((5 (15 21 ))(73 ((61 (19 51 ))(65 74 )))))((7 38 )(17 (46 (42 (34 (80 (77 79 ))))))))))((59 (25 62 ))(78 82 )))))))(((9 (72 (4 71 )))(64 (44 (30 45 ))))(70 (68 69 ))))(50 (13 (3 58 ))))(83 90 ))))))(85 88 )))*
(0 (3 (58 (33 (70 ((((((18 (((43 (62 ((53 (32 (((25 (12 ((1 (89 (85 (87 88 ))))(37 71 ))))(63 (17 (74 (42 (60 ((47 82 )(77 (79 80 )))))))))(51 76 ))))(67 (75 78 )))))(6 (19 (11 45 ))))(9 ((72 ((13 22 )(14 30 )))(44 73 )))))(8 66 ))(64 (31 (86 (84 90 )))))(10 (((21 52 )(56 57 ))(38 65 ))))(28 (41 (40 (23 48 )))))((15 (2 36 ))(26 ((61 (4 (81 83 )))((20 ((7 ((29 (16 (35 (5 50 ))))(54 59 )))(46 55 )))((24 27 )(39 49 ))))(34 (68 69 ))))))))))*
(0 (85 (86 (((30 ((44 (64 (9 ((22 (((48 ((28 (((2 (((((57 (56 ((10 ((1 89 )(12 ((42 (17 63 ))(73 (32 (51 75 )))))))(52 81 ))))(61 65 ))((((20 (7 46 ))(39 62 ))(59 (55 (38 74 ))))(24 27 )))((5 23 )(15 21 )))(26 (34 (69 (70 (49 68 )))))))(31 84 ))(18 36 )))(40 41 )))(47 60 ))((8 13 )(76 (((33 (16 (35 50 )))(29 37 ))(25 (54 (78 82 ))))))))((4 ((79 (77 80 ))(87 88 )))(66 (71 (72 (67 (43 (6 53 )))))))))))(45 (83 90 ))))(19 (11 14 )))(3 58 )))))*
(0 ((82 (78 (75 (76 (51 (25 (48 ((((42 (32 ((2 (15 (24 ((52 (1 81 ))(27 (26 (((28 ((((33 ((3 58 )(77 79 )))(37 (72 (64 ((18 (9 (((53 (19 (6 (13 (14 (8 44 ))))))(43 (67 (66 71 ))))(11 22 ))))((31 (87 88 ))(86 (84 (83 90 )))))))))(29 ((16 35 )(69 (70 (68 (49 (30 45 ))))))))((36 (47 60 ))(40 41 ))))(4 50 ))(23 54 ))))))))(20 ((55 (7 46 ))(39 ((56 57 )(62 63 ))))))))(17 (12 38 )))(59 74 ))((73 (65 (5 (80 (34 61 )))))(10 21 ))))))))))(85 89 )))*
(0 ((78 (82 (75 (((1 (89 (87 (85 88 ))))(84 86 ))(25 (((18 (64 (((33 (66 (((31 (2 (32 (24 (52 (15 21 ))))))(51 76 ))(53 (3 58 )))))(9 (43 67 )))(72 ((14 (6 (30 45 )))(8 (13 44 )))))))((16 (4 ((11 37 )(22 48 ))))((29 35 )(71 (69 (68 70 ))))))(((10 (5 (61 (40 41 ))))((((20 ((55 ((7 46 )(56 57 )))(39 (28 36 ))))(26 (27 ((23 81 )(50 (49 (38 (80 (77 79 )))))))))((54 (34 62 ))(65 (59 74 ))))(63 (17 (42 (47 60 ))))))(12 (19 73 )))))))))(83 90 )))*
(0 (85 (86 ((14 (((64 ((71 ((12 (1 (31 (78 82 ))))(74 (21 ((62 ((((22 ((67 ((72 ((6 8 )(13 73 )))((75 (30 89 ))(66 (51 76 )))))(9 (43 53 ))))(63 (32 (60 (17 (42 47 ))))))(10 (18 25 )))(52 (56 (11 19 )))))(38 (57 65 )))))))(37 ((69 (70 (59 (((26 (54 (50 ((34 (28 (2 (15 (24 (33 81 ))))))(61 (35 (29 (4 16 ))))))))((5 7 )((20 27 )(55 ((23 (48 (40 41 )))(46 (80 (77 79 ))))))))(36 39 )))))(58 (3 (68 (49 83 ))))))))(84 90 ))(44 45 )))(87 88 )))))*
(0 (85 (88 (86 ((1 (84 (31 (((34 (38 ((48 (24 (2 15 21 )))(28 (62 (((12 ((((20 ((3 58 )((32 53 )(51 (76 (78 82 ))))))(7 46 ))(((72 (14 (13 (33 (9 73 )))))(71 (29 (16 35 ))))(19 (54 (23 63 )))))(55 (59 74 ))))((5 37 )(22 42 )))(17 25 )))))))((69 (68 (((49 (4 (45 (30 44 ))))(50 (26 27 )))(57 61 ))))(((((66 ((6 (41 (11 40 )))(75 (43 67 ))))(36 ((47 60 )(80 (77 79 )))))(18 (39 (10 56 ))))(8 (52 81 )))(64 (65 70 )))))(83 90 )))))(87 89 ))))))*
(0 (31 (((1 89 )(87 ((84 86 )(85 88 ))))(75 (((82 (12 (62 (65 ((((2 (61 (28 (50 (((29 58 (33 (35 (16 (3 4 )))))(37 (71 (64 (44 45 )))))(68 69 70 ))))))(7 ((54 (23 (46 ((55 (((17 (42 (60 (47 (77 (79 80 ))))))(32 (63 73 )))(38 74 )))(24 48 )))))(26 27 ))))(15 (34 49 )))(57 (21 (((39 ((59 (5 20 ))(36 (40 41 ))))(52 56 ))(10 (25 (18 (66 (8 (((30 (19 (6 (11 14 ))))((13 51 )(22 76 )))(72 (9 (53 (43 67 ))))))))))))))))))(78 90 ))(81 83 ))))))*
(0 (78 (82 (20 (51 (39 (74 (59 (70 (29 ((58 (68 (21 (((((((2 (((61 (37 (64 ((1 (89 ((31 85 )(87 (88 (84 86 ))))))((72 (((((6 (47 73 ))(12 (8 (44 (30 (19 45 ))))))(75 76 ))(41 (40 48 )))(9 (66 71 ))))(10 (18 25 )))))))(16 ((3 13 )(5 11 36 ))))((4 28 )(((14 53 )(43 (62 67 )))(22 (42 (32 (38 (17 60 )))))))))(26 (27 (50 65 ))))(((7 (46 55 ))(56 57 ))(63 (54 69 ))))(34 35 ))(23 33 ))(52 81 ))(15 24 )))))((49 (79 (77 80 )))(83 90 )))))))))))))*
(0 (82 (78 ((51 ((29 (61 ((((71 (84 (1 (85 (86 (89 (87 88 )))))))((9 18 )(53 (43 (37 (11 22 ))))))(64 (31 (47 (12 (42 ((10 (48 (2 (28 (41 (40 (5 36 )))))))(25 ((17 60 )(32 62 ))))))))))(66 (72 ((73 (19 (6 14 )))(8 ((13 44 )(30 45 )))))))(16 (33 (4 67 )))))(65 (((((20 (46 (7 (38 (49 ((3 58 )(83 90 )))))))(26 (27 ((24 (23 (15 21 )))(52 81 )))))(39 (55 (59 74 ))))(56 57 ))(69 (68 70 )))(54 ((34 63 )(35 (50 (77 (79 80 )))))))))(75 76 )))))*
(0 ((68 (58 (69 70 (((((((8 (((10 (61 (1 31 )))(12 ((5 42 )(((20 (7 46 ))(39 (59 (55 74 ))))(56 (57 (65 ((21 (15 (34 ((62 ((23 63 )(52 81 )))(24 38 )))))(27 (26 (50 54 )))))))))))(36 (40 41 ))))(75 76 ))((6 ((53 (43 (44 (11 (3 14 22 )))))(9 (18 37 ))))(19 (47 (32 73 )))))(25 (((48 (2 (28 (17 60 ))))(4 67 ))(13 33 ))))(66 (71 (64 72 ))))(16 ((30 45 )(89 ((86 (84 85 ))(87 88 ))))))(29 ((35 (51 (78 82 )))(49 (79 (77 80 )))))))))(83 90 )))*
(0 (78 (82 (75 (76 (51 (52 (25 (((71 (66 (56 (57 62 (((37 (((5 (((50 (((49 ((83 (90 (84 (31 (1 ((88 (85 86 ))(87 89 )))))))(3 58 )))(79 (77 80 )))(34 (7 46 ))))(15 33 ))(((28 (2 24 ))((4 (26 27 ))((55 (42 (32 ((17 (60 (38 63 )))(47 74 )))))(((20 (36 39 ))(54 (23 81 )))(40 41 )))))(48 59 ))))(70 (68 69 )))(61 (29 (16 35 )))))((9 72 )(64 ((13 73 )(44 (30 45 ))))))(21 65 ))))))(10 18 ))(((22 (11 (6 19 )))((14 53 )(43 67 )))(8 12 )))))))))))*
(0 (85 (86 (88 (87 (89 (1 ((55 (2 (34 62 )))((((25 ((66 (76 ((16 (((11 ((19 (3 58 ))((6 14 )((8 (13 44 ))(30 (45 49 ))))))((18 ((64 (((9 72 )((43 67 )(53 (84 (83 90 )))))(31 33 )))(70 (68 69 ))))((28 (36 ((47 60 )(77 (79 80 )))))(40 41 ))))(37 (22 35 ))))(29 71 ))))(51 (75 (78 82 )))))(20 (10 39 )))(61 (32 (42 (73 (5 24 ))))))(12 (((23 ((((4 50 )(54 63 ))(26 27 ))(52 81 )))(7 (17 46 )))((21 ((65 (38 (15 48 )))(56 57 )))(59 74 )))))))))))))*
(0 (85 (86 (88 ((1 ((22 (((39 (((15 ((52 (((((66 (2 36 ))(((61 ((((19 (30 (((3 58 )((5 23 )(13 (44 73 ))))(14 (12 (17 33 ))))))(25 (54 ((46 63 (7 59 ))(20 55 )))))(71 (72 (9 53 ))))(16 (29 37 ))))((11 40 )(41 43 )))(10 (18 (4 ((28 67 )(75 78 )))))))(26 (27 (56 57 ))))((48 (6 8 ))(50 (83 90 ))))((69 (68 (81 (31 64 ))))(65 70 ))))(21 24 )))(38 (45 49 )))(62 (34 84 ))))(35 (82 (74 (47 60 )))))((32 42 )(51 76 ))))(79 (77 80 ))))(87 89 ))))));
