k;p;supported;compatible;Nsupported;Ncompatible;MaxAverDist;MinAverDist
0;33;0.237;0.305;0.130;0.173;0.666;0.559   
1;33;0.159;0.160;0.128;0.129;0.561;0.502   
2;33;0.192;0.192;0.155;0.155;0.599;0.563   
3;33;0.163;0.163;0.133;0.133;0.575;0.520   
4;33;0.171;0.173;0.141;0.142;0.592;0.522   
5;33;0.183;0.196;0.151;0.162;0.620;0.554   
6;33;0.196;0.205;0.162;0.170;0.639;0.576   
7;33;0.191;0.204;0.159;0.170;0.641;0.580   
8;33;0.195;0.213;0.162;0.177;0.654;0.589   
9;33;0.181;0.191;0.151;0.159;0.666;0.624   
10;33;0.185;0.190;0.154;0.159;0.672;0.635   
11;33;0.196;0.196;0.164;0.164;0.673;0.610   
12;33;0.199;0.199;0.167;0.167;0.684;0.616   
13;33;0.194;0.194;0.163;0.163;0.686;0.612   
14;33;0.195;0.195;0.165;0.165;0.687;0.615   
15;33;0.197;0.197;0.166;0.166;0.693;0.619   
16;33;0.197;0.197;0.167;0.167;0.696;0.619   
17;33;0.193;0.193;0.164;0.164;0.693;0.621   
18;33;0.196;0.196;0.167;0.167;0.694;0.624   
19;33;0.195;0.195;0.165;0.165;0.696;0.624   
20;33;0.199;0.203;0.169;0.173;0.695;0.635   
21;33;0.200;0.203;0.171;0.173;0.695;0.629   
22;33;0.199;0.205;0.169;0.175;0.698;0.637   
23;33;0.202;0.202;0.172;0.172;0.698;0.610   
24;33;0.208;0.208;0.177;0.177;0.690;0.677   
25;33;0.210;0.210;0.178;0.178;0.689;0.679   
26;33;0.213;0.213;0.182;0.182;0.689;0.679   
27;33;0.212;0.212;0.181;0.181;0.690;0.681   
28;33;0.200;0.200;0.170;0.170;0.696;0.655   
29;33;0.213;0.213;0.182;0.182;0.688;0.680   
30;33;0.209;0.209;0.179;0.179;0.687;0.679   
31;33;0.209;0.209;0.178;0.178;0.689;0.678   
32;33;0.194;0.194;0.165;0.165;0.685;0.662   
33;33;0.191;0.194;0.163;0.165;0.681;0.660   
34;33;0.190;0.194;0.162;0.165;0.685;0.660   
35;33;0.192;0.193;0.164;0.164;0.682;0.659   
36;33;0.193;0.194;0.164;0.166;0.683;0.660   
37;33;0.194;0.195;0.166;0.166;0.682;0.651   
38;33;0.193;0.196;0.165;0.167;0.684;0.661   
39;33;0.190;0.193;0.162;0.165;0.683;0.658   
40;33;0.196;0.196;0.167;0.167;0.683;0.644   
41;33;0.192;0.194;0.163;0.166;0.682;0.658   
42;33;0.192;0.195;0.163;0.166;0.683;0.658   
43;33;0.192;0.193;0.164;0.165;0.680;0.657   
44;33;0.191;0.192;0.163;0.164;0.681;0.656   
45;33;0.189;0.191;0.162;0.163;0.684;0.657   
46;33;0.191;0.196;0.163;0.167;0.681;0.659   
47;33;0.190;0.194;0.162;0.165;0.683;0.658   
48;33;0.192;0.194;0.164;0.165;0.679;0.656   
49;33;0.192;0.194;0.163;0.165;0.680;0.659   
50;33;0.191;0.192;0.163;0.164;0.683;0.658   
51;33;0.190;0.195;0.163;0.167;0.681;0.659   
52;33;0.191;0.194;0.163;0.166;0.687;0.661   
53;33;0.189;0.196;0.162;0.168;0.685;0.658   
54;33;0.192;0.195;0.164;0.167;0.681;0.658   
55;33;0.192;0.195;0.164;0.166;0.682;0.657   
56;33;0.191;0.193;0.163;0.165;0.680;0.657   
57;33;0.208;0.208;0.178;0.178;0.681;0.653   
58;33;0.190;0.195;0.162;0.166;0.684;0.658   
59;33;0.206;0.206;0.176;0.176;0.682;0.651   
60;33;0.209;0.209;0.178;0.178;0.683;0.652   
999;33;0.237;0.305;0.130;0.173;0.666;0.559   
61;33;0.191;0.191;0.163;0.163;0.677;0.657   
62;33;0.192;0.193;0.164;0.165;0.684;0.649   
63;33;0.188;0.193;0.161;0.165;0.685;0.657   
64;33;0.189;0.194;0.161;0.165;0.688;0.657   
65;33;0.188;0.190;0.160;0.163;0.681;0.657   
66;33;0.189;0.193;0.162;0.165;0.683;0.659   
67;33;0.204;0.204;0.175;0.175;0.680;0.651   
68;33;0.189;0.193;0.161;0.165;0.682;0.658   
69;33;0.190;0.192;0.163;0.164;0.682;0.654   
70;33;0.178;0.179;0.153;0.153;0.672;0.633  
